date component trends level seasonal
2010-07-01 0.00 -16.28 18.62 3.68
2010-07-02 5.27 -16.35 18.62 3.38
2010-07-03 4.40 -16.43 18.62 3.07
2010-07-04 -5.64 -16.51 18.62 2.77
2010-07-05 0.63 -16.59 18.62 2.46
2010-07-06 7.38 -16.66 18.62 2.16
2010-07-07 5.16 -16.74 18.62 1.85
2010-07-08 1.75 -16.82 18.62 1.55
2010-07-09 6.44 -16.90 18.62 1.24
2010-07-10 8.25 -16.97 18.62 0.93
2010-07-11 0.71 -17.05 18.62 0.63
2010-07-12 5.02 -17.13 18.62 0.32
2010-07-13 -1.69 -17.21 18.62 0.02
2010-07-14 5.29 -17.29 18.62 -0.29
2010-07-15 6.85 -17.36 18.62 -0.59
2010-07-16 8.28 -17.44 18.62 -0.89
2010-07-18 -8.05 -17.52 18.62 -1.50
2010-07-19 5.64 -17.60 18.62 -1.80
2010-07-20 3.34 -17.67 18.62 -2.09
2010-07-21 -3.79 -17.75 18.62 -2.39
2010-07-22 5.11 -17.83 18.62 -2.68
2010-07-23 -5.23 -17.91 18.62 -2.97
2010-07-24 -4.81 -17.99 18.62 -3.26
2010-07-25 -8.73 -18.06 18.62 -3.55
2010-07-26 -4.25 -18.14 18.62 -3.83
2010-07-27 7.90 -18.22 18.62 -4.11
2010-07-28 -3.15 -18.30 18.62 -4.39
2010-07-29 -4.05 -18.37 18.62 -4.66
2010-07-30 -2.06 -18.45 18.62 -4.93
2010-07-31 -6.63 -18.53 18.62 -5.20
2010-08-01 -2.20 -18.61 18.62 -5.46
2010-08-02 -8.06 -18.68 18.62 -5.72
2010-08-03 -1.25 -18.76 18.62 -5.98
2010-08-04 -1.29 -18.84 18.62 -6.23
2010-08-05 -10.82 -18.92 18.62 -6.48
2010-08-06 -3.67 -19.00 18.62 -6.73
2010-08-07 -11.05 -19.07 18.62 -6.97
2010-08-08 0.23 -19.15 18.62 -7.20
2010-08-09 7.93 -19.23 18.62 -7.43
2010-08-11 -5.42 -19.31 18.62 -7.88
2010-08-12 -19.88 -19.38 18.62 -8.10
2010-08-13 -8.35 -19.46 18.62 -8.31
2010-08-14 4.88 -19.54 18.62 -8.51
2010-08-15 -17.82 -19.62 18.62 -8.72
2010-08-16 -9.23 -19.70 18.62 -8.91
2010-08-17 0.08 -19.77 18.62 -9.10
2010-08-18 -10.42 -19.85 18.62 -9.29
2010-08-19 -10.35 -19.93 18.62 -9.47
2010-08-20 -20.72 -20.01 18.62 -9.65
2010-08-21 -17.71 -20.08 18.62 -9.82
2010-08-22 -13.57 -20.16 18.62 -9.98
2010-08-24 -8.45 -20.24 18.62 -10.29
2010-08-25 -11.85 -20.32 18.62 -10.44
2010-08-26 -5.75 -20.39 18.62 -10.58
2010-08-27 -17.26 -20.47 18.62 -10.71
2010-08-28 -14.08 -20.55 18.62 -10.84
2010-08-29 -10.11 -20.63 18.62 -10.97
2010-08-30 -13.57 -20.71 18.62 -11.09
2010-08-31 -10.59 -20.78 18.62 -11.20
2010-09-01 -7.49 -20.86 18.62 -11.31
2010-09-02 -10.40 -20.94 18.62 -11.41
2010-09-03 -14.19 -21.02 18.62 -11.50
2010-09-04 -16.18 -21.09 18.62 -11.59
2010-09-05 -22.40 -21.17 18.62 -11.67
2010-09-06 -15.34 -21.25 18.62 -11.75
2010-09-07 -17.09 -21.33 18.62 -11.82
2010-09-08 -21.82 -21.41 18.62 -11.89
2010-09-09 -17.08 -21.48 18.62 -11.95
2010-09-10 -16.80 -21.56 18.62 -12.01
2010-09-11 -11.46 -21.64 18.62 -12.06
2010-09-12 -15.22 -21.72 18.62 -12.10
2010-09-13 -18.23 -21.79 18.62 -12.14
2010-09-14 -14.89 -21.87 18.62 -12.17
2010-09-15 -20.60 -21.95 18.62 -12.20
2010-09-16 -18.49 -22.03 18.62 -12.22
2010-09-17 -18.02 -22.10 18.62 -12.24
2010-09-18 -14.20 -22.18 18.62 -12.25
2010-09-19 -25.14 -22.26 18.62 -12.25
2010-09-20 -25.42 -22.34 18.62 -12.25
2010-09-21 -17.91 -22.42 18.62 -12.25
2010-09-22 -18.05 -22.49 18.62 -12.24
2010-09-23 -20.00 -22.57 18.62 -12.23
2010-09-24 -18.13 -22.65 18.62 -12.21
2010-09-25 -19.58 -22.67 18.62 -12.19
2010-09-26 -12.09 -22.70 18.62 -12.16
2010-09-27 -23.00 -22.72 18.62 -12.13
2010-09-28 -19.21 -22.75 18.62 -12.09
2010-09-29 -21.02 -22.78 18.62 -12.05
2010-09-30 -9.87 -22.80 18.62 -12.00
2010-10-01 -14.90 -22.83 18.62 -11.95
2010-10-02 -26.07 -22.85 18.62 -11.90
2010-10-03 -14.90 -22.88 18.62 -11.84
2010-10-04 -13.31 -22.90 18.62 -11.78
2010-10-05 -17.29 -22.93 18.62 -11.72
2010-10-06 -8.86 -22.95 18.62 -11.65
2010-10-07 -11.50 -22.98 18.62 -11.58
2010-10-08 -10.45 -23.00 18.62 -11.50
2010-10-09 -12.76 -23.03 18.62 -11.42
2010-10-10 -18.99 -23.05 18.62 -11.34
2010-10-11 -13.03 -23.08 18.62 -11.26
2010-10-12 -11.80 -23.10 18.62 -11.17
2010-10-13 -15.94 -23.13 18.62 -11.08
2010-10-14 -16.10 -23.16 18.62 -10.99
2010-10-15 -12.45 -23.18 18.62 -10.89
2010-10-16 -15.69 -23.21 18.62 -10.79
2010-10-17 -18.60 -23.23 18.62 -10.69
2010-10-18 -17.53 -23.26 18.62 -10.59
2010-10-19 -18.13 -23.28 18.62 -10.48
2010-10-20 -12.97 -23.31 18.62 -10.38
2010-10-21 -15.67 -23.33 18.62 -10.27
2010-10-22 -14.82 -23.36 18.62 -10.16
2010-10-23 -10.01 -23.38 18.62 -10.04
2010-10-24 -10.53 -23.41 18.62 -9.93
2010-10-25 -18.69 -23.43 18.62 -9.81
2010-10-27 -13.61 -23.46 18.62 -9.58
2010-10-28 -22.55 -23.48 18.62 -9.46
2010-10-29 -16.73 -23.51 18.62 -9.34
2010-10-30 -19.72 -23.53 18.62 -9.22
2010-10-31 -16.33 -23.56 18.62 -9.10
2010-11-01 -20.22 -23.58 18.62 -8.97
2010-11-02 -18.55 -23.60 18.62 -8.85
2010-11-03 -18.19 -23.63 18.62 -8.73
2010-11-04 -19.07 -23.65 18.62 -8.60
2010-11-05 -22.44 -23.67 18.62 -8.48
2010-11-06 -16.82 -23.70 18.62 -8.35
2010-11-07 -18.29 -23.72 18.62 -8.23
2010-11-08 -19.31 -23.74 18.62 -8.10
2010-11-09 -22.09 -23.77 18.62 -7.97
2010-11-10 -12.90 -23.79 18.62 -7.85
2010-11-11 -13.73 -23.82 18.62 -7.72
2010-11-12 -13.49 -23.84 18.62 -7.60
2010-11-13 -17.01 -23.86 18.62 -7.47
2010-11-14 -19.08 -23.89 18.62 -7.35
2010-11-15 -15.52 -23.91 18.62 -7.22
2010-11-16 -14.52 -23.93 18.62 -7.10
2010-11-17 -11.35 -23.96 19.09 -6.98
2010-11-18 -11.33 -23.98 19.09 -6.85
2010-11-19 -12.54 -24.00 19.09 -6.73
2010-11-20 -6.71 -24.03 19.26 -6.61
2010-11-21 -5.30 -24.05 19.26 -6.49
2010-11-22 -12.05 -24.07 19.26 -6.37
2010-11-23 -11.14 -24.10 19.26 -6.25
2010-11-24 -10.93 -24.12 19.26 -6.13
2010-11-25 -16.50 -24.14 19.26 -6.01
2010-11-26 -8.53 -24.17 19.26 -5.90
2010-11-27 -9.38 -24.19 19.26 -5.78
2010-11-28 -16.71 -24.22 19.26 -5.67
2010-11-29 -12.27 -24.24 19.26 -5.55
2010-11-30 -2.67 -24.26 19.68 -5.44
2010-12-01 -10.46 -24.29 19.68 -5.33
2010-12-02 -16.67 -24.31 19.68 -5.21
2010-12-03 -9.33 -24.33 20.11 -5.10
2010-12-04 -0.73 -24.36 24.94 -4.99
2010-12-05 -2.15 -24.38 24.94 -4.89
2010-12-06 -1.11 -24.40 24.94 -4.78
2010-12-07 -2.03 -24.43 24.94 -4.67
2010-12-08 -1.02 -24.45 24.94 -4.57
2010-12-09 -2.35 -24.47 24.94 -4.46
2010-12-10 4.08 -24.50 24.94 -4.36
2010-12-11 6.47 -24.52 24.94 -4.26
2010-12-12 0.54 -24.54 24.94 -4.15
2010-12-13 -7.65 -24.57 24.94 -4.05
2010-12-14 -0.39 -24.59 24.94 -3.95
2010-12-15 -0.86 -24.62 24.94 -3.85
2010-12-16 -0.99 -24.64 24.94 -3.75
2010-12-17 -2.63 -24.66 24.94 -3.66
2010-12-18 -3.92 -24.69 24.94 -3.56
2010-12-19 -7.27 -24.71 24.94 -3.46
2010-12-20 -6.21 -24.73 24.94 -3.37
2010-12-21 -6.99 -24.76 24.94 -3.27
2010-12-22 -9.10 -24.78 24.94 -3.17
2010-12-23 0.11 -24.80 24.94 -3.08
2010-12-24 -1.99 -24.83 24.94 -2.99
2010-12-25 -3.83 -24.85 24.94 -2.89
2010-12-26 -2.49 -24.87 24.94 -2.80
2010-12-27 2.25 -24.90 24.94 -2.71
2010-12-28 -0.20 -24.92 24.94 -2.61
2010-12-29 -0.38 -24.94 24.94 -2.52
2010-12-30 0.58 -24.97 24.94 -2.43
2010-12-31 4.69 -24.99 24.94 -2.34
2011-01-01 -0.23 -25.02 24.94 -2.24
2011-01-02 -5.85 -25.04 24.94 -2.15
2011-01-03 -5.75 -25.06 24.94 -2.06
2011-01-04 1.91 -25.09 24.94 -1.97
2011-01-05 -1.74 -25.11 24.94 -1.87
2011-01-06 -3.88 -25.13 24.94 -1.78
2011-01-07 -0.42 -25.16 24.94 -1.69
2011-01-08 -2.38 -25.18 24.94 -1.59
2011-01-09 -1.21 -25.20 24.94 -1.50
2011-01-10 4.82 -25.23 24.94 -1.40
2011-01-11 7.86 -25.25 24.94 -1.31
2011-01-12 5.12 -25.27 24.94 -1.21
2011-01-13 -0.74 -25.30 24.94 -1.11
2011-01-14 -1.28 -25.32 24.94 -1.01
2011-01-15 3.99 -25.34 24.94 -0.92
2011-01-16 2.96 -25.37 24.94 -0.82
2011-01-17 -0.62 -25.39 24.94 -0.72
2011-01-18 -0.14 -25.42 24.94 -0.61
2011-01-19 -1.21 -25.44 24.94 -0.51
2011-01-20 1.79 -25.46 24.94 -0.41
2011-01-21 -3.57 -25.49 24.94 -0.30
2011-01-22 0.69 -25.51 24.94 -0.20
2011-01-23 -0.06 -25.53 24.94 -0.09
2011-01-24 -0.34 -25.56 24.94 0.02
2011-01-25 -0.17 -25.58 24.94 0.13
2011-01-26 -0.29 -25.60 24.94 0.24
2011-01-27 0.61 -25.63 24.94 0.35
2011-01-28 2.47 -25.65 24.94 0.47
2011-01-29 1.91 -25.67 24.94 0.59
2011-01-30 0.77 -25.70 24.94 0.70
2011-01-31 4.29 -25.72 24.94 0.82
2011-02-01 -0.15 -25.74 24.94 0.94
2011-02-03 -3.05 -25.77 24.94 1.19
2011-02-04 -0.94 -25.79 24.94 1.32
2011-02-05 1.69 -25.81 24.94 1.44
2011-02-06 4.73 -25.84 24.94 1.57
2011-02-08 8.45 -25.86 24.94 1.84
2011-02-09 6.00 -25.89 24.94 1.97
2011-02-10 1.21 -25.91 24.94 2.11
2011-02-11 5.65 -25.93 24.94 2.24
2011-02-12 5.71 -25.96 24.94 2.38
2011-02-13 3.86 -25.98 24.94 2.53
2011-02-14 3.20 -26.00 24.94 2.67
2011-02-15 1.85 -26.03 24.94 2.81
2011-02-16 -1.64 -26.05 24.94 2.96
2011-02-17 13.00 -26.07 24.94 3.11
2011-02-18 1.50 -26.10 24.94 3.26
2011-02-19 -0.37 -26.12 24.94 3.41
2011-02-20 1.55 -26.14 24.94 3.56
2011-02-21 -1.89 -26.17 24.94 3.72
2011-02-22 2.80 -26.19 24.94 3.88
2011-02-23 0.69 -26.21 24.94 4.03
2011-02-24 7.40 -26.24 24.94 4.19
2011-02-25 7.59 -26.26 24.94 4.35
2011-02-26 11.29 -26.29 24.94 4.52
2011-02-27 6.78 -26.31 24.94 4.68
2011-02-28 4.65 -26.33 24.94 4.84
2011-03-01 10.52 -26.36 24.94 5.01
2011-03-02 9.64 -26.38 24.94 5.18
2011-03-03 5.15 -26.40 24.94 5.34
2011-03-04 10.22 -26.43 24.94 5.51
2011-03-05 0.14 -26.45 24.46 5.68
2011-03-06 4.78 -26.47 24.46 5.85
2011-03-07 2.47 -26.50 24.46 6.03
2011-03-08 7.98 -26.52 24.46 6.20
2011-03-09 4.13 -26.54 24.46 6.37
2011-03-10 4.08 -26.57 24.46 6.54
2011-03-11 5.41 -26.59 24.46 6.72
2011-03-12 -1.89 -26.61 19.78 6.89
2011-03-13 2.15 -26.64 19.78 7.07
2011-03-14 -2.61 -26.66 18.17 7.24
2011-03-15 -5.78 -26.69 18.17 7.41
2011-03-16 -2.52 -26.71 18.17 7.59
2011-03-17 1.77 -26.73 18.17 7.76
2011-03-18 0.45 -26.76 18.17 7.94
2011-03-19 3.02 -26.78 18.17 8.11
2011-03-20 -0.50 -26.80 18.17 8.28
2011-03-21 0.17 -26.83 18.17 8.45
2011-03-22 0.17 -26.85 18.17 8.63
2011-03-23 -7.02 -26.87 13.63 8.80
2011-03-24 -8.22 -26.90 13.63 8.96
2011-03-25 1.88 -26.92 13.63 9.13
2011-03-26 -4.43 -26.94 13.63 9.30
2011-03-27 -7.39 -26.97 13.63 9.47
2011-03-28 -4.85 -26.99 13.63 9.63
2011-03-29 -6.01 -27.01 13.63 9.79
2011-03-30 -11.88 -27.04 13.63 9.95
2011-03-31 -4.46 -27.06 13.63 10.11
2011-04-01 -6.83 -27.09 13.63 10.27
2011-04-02 -4.83 -27.11 13.63 10.42
2011-04-03 -0.98 -27.13 13.63 10.58
2011-04-04 -4.67 -27.16 13.63 10.73
2011-04-05 -2.27 -27.18 13.63 10.87
2011-04-06 -13.90 -27.20 13.63 11.02
2011-04-07 -8.38 -27.23 13.63 11.16
2011-04-08 -18.94 -27.25 13.63 11.30
2011-04-09 -7.65 -27.27 13.63 11.44
2011-04-10 -6.43 -27.30 13.63 11.57
2011-04-11 -9.06 -27.32 13.63 11.70
2011-04-12 -10.41 -27.34 13.63 11.83
2011-04-13 0.88 -27.37 13.63 11.95
2011-04-14 3.47 -27.39 13.63 12.07
2011-04-15 3.30 -27.41 13.63 12.18
2011-04-16 -3.09 -27.44 13.63 12.29
2011-04-17 1.02 -27.46 13.63 12.40
2011-04-18 -2.26 -27.49 13.63 12.50
2011-04-19 -0.67 -27.51 13.63 12.60
2011-04-20 -0.92 -27.53 13.63 12.70
2011-04-21 0.28 -27.56 13.63 12.79
2011-04-22 -6.11 -27.58 13.63 12.87
2011-04-23 -13.44 -27.60 13.63 12.95
2011-04-24 -3.76 -27.53 13.63 13.03
2011-04-25 -9.94 -27.45 13.63 13.10
2011-04-26 -5.46 -27.38 13.63 13.16
2011-04-27 -0.01 -27.30 13.63 13.22
2011-04-28 7.38 -27.23 13.63 13.28
2011-04-29 -3.03 -27.15 13.63 13.33
2011-04-30 -4.49 -27.08 13.63 13.37
2011-05-01 -9.89 -27.00 13.63 13.41
2011-05-02 -10.75 -26.92 13.63 13.44
2011-05-03 11.66 -26.85 13.63 13.47
2011-05-04 -8.51 -26.77 13.63 13.49
2011-05-05 2.91 -26.70 13.63 13.51
2011-05-06 -5.13 -26.62 13.63 13.52
2011-05-07 2.67 -26.55 13.63 13.52
2011-05-08 -0.18 -26.47 13.63 13.52
2011-05-09 3.58 -26.40 13.63 13.51
2011-05-10 4.38 -26.32 13.63 13.50
2011-05-11 -2.30 -26.25 13.63 13.48
2011-05-12 -3.68 -26.17 13.63 13.45
2011-05-13 0.69 -26.09 13.63 13.42
2011-05-14 3.00 -26.02 13.63 13.38
2011-05-15 -3.46 -25.94 13.63 13.33
2011-05-16 -3.49 -25.87 13.63 13.28
2011-05-17 -3.44 -25.79 13.63 13.22
2011-05-18 3.70 -25.72 13.63 13.16
2011-05-19 4.49 -25.64 13.63 13.09
2011-05-20 -4.05 -25.57 13.63 13.01
2011-05-21 -3.73 -25.49 13.63 12.92
2011-05-22 4.51 -25.42 13.63 12.83
2011-05-23 2.24 -25.34 13.63 12.74
2011-05-24 6.59 -25.27 13.63 12.63
2011-05-25 -0.18 -25.19 13.63 12.52
2011-05-26 2.78 -25.11 13.63 12.41
2011-05-27 -6.20 -25.04 13.63 12.29
2011-05-28 -0.16 -24.96 13.63 12.16
2011-05-29 -5.91 -24.89 13.63 12.02
2011-05-30 2.62 -24.81 13.63 11.88
2011-05-31 -6.23 -24.74 13.63 11.74
2011-06-01 8.01 -24.66 13.63 11.58
2011-06-02 -7.91 -24.59 13.63 11.42
2011-06-03 -8.48 -24.51 13.63 11.26
2011-06-04 -3.58 -24.44 13.63 11.09
2011-06-05 3.89 -24.36 13.78 10.91
2011-06-06 -2.06 -24.29 13.78 10.73
2011-06-07 0.85 -24.21 13.78 10.54
2011-06-08 1.58 -24.13 13.78 10.35
2011-06-09 -0.60 -24.06 13.78 10.15
2011-06-10 4.94 -23.98 13.78 9.94
2011-06-11 1.47 -23.91 13.78 9.73
2011-06-12 5.65 -23.83 13.78 9.51
2011-06-13 4.10 -23.76 13.78 9.29
2011-06-14 2.95 -23.68 13.78 9.07
2011-06-15 -3.07 -23.61 13.78 8.84
2011-06-16 -4.47 -23.53 13.78 8.60
2011-06-17 1.42 -23.46 13.78 8.36
2011-06-18 0.17 -23.38 13.78 8.12
2011-06-19 3.97 -23.30 13.78 7.87
2011-06-20 -4.78 -23.23 13.78 7.62
2011-06-21 -3.41 -23.15 13.78 7.36
2011-06-22 -4.01 -23.08 13.78 7.10
2011-06-23 1.64 -23.00 13.78 6.83
2011-06-24 0.87 -22.93 13.78 6.56
2011-06-25 0.90 -22.85 13.78 6.29
2011-06-26 0.55 -22.78 13.78 6.01
2011-06-27 -0.45 -22.70 13.78 5.73
2011-06-28 -3.87 -22.63 13.78 5.45
2011-06-29 -10.07 -22.55 13.78 5.17
2011-06-30 -3.61 -22.48 13.78 4.88
2011-07-01 -12.07 -22.40 13.78 4.59
2011-07-02 -5.17 -22.32 13.78 4.29
2011-07-03 -5.60 -22.25 13.78 4.00
2011-07-04 -5.33 -22.17 13.78 3.70
2011-07-05 -8.18 -22.10 13.78 3.40
2011-07-06 -2.65 -22.02 13.78 3.10
2011-07-07 -9.86 -21.95 13.78 2.80
2011-07-08 3.70 -21.87 13.78 2.49
2011-07-09 6.43 -21.80 13.78 2.19
2011-07-10 -1.73 -21.72 13.78 1.88
2011-07-11 -2.01 -21.65 13.78 1.57
2011-07-12 3.48 -21.57 13.78 1.27
2011-07-13 -0.27 -21.50 13.78 0.96
2011-07-14 -7.09 -21.42 13.78 0.65
2011-07-15 -6.79 -21.34 13.78 0.34
2011-07-16 -4.90 -21.27 13.78 0.03
2011-07-17 -3.37 -21.19 13.78 -0.28
2011-07-18 -0.79 -21.12 13.78 -0.59
2011-07-19 -8.77 -21.04 13.78 -0.89
2011-07-20 -2.88 -20.97 13.78 -1.20
2011-07-22 -13.20 -20.94 13.78 -1.81
2011-07-23 -9.77 -20.90 13.78 -2.12
2011-07-24 -7.17 -20.87 13.78 -2.42
2011-07-25 -10.78 -20.84 13.78 -2.72
2011-07-26 -8.13 -20.81 13.78 -3.02
2011-07-27 -1.05 -20.78 13.78 -3.32
2011-08-01 -17.16 -20.74 13.78 -4.77
2011-08-02 -11.56 -20.71 13.78 -5.05
2011-08-03 -15.98 -20.68 13.78 -5.33
2011-08-04 -8.60 -20.65 13.78 -5.60
2011-08-05 -5.92 -20.62 13.78 -5.87
2011-08-06 -11.14 -20.59 13.78 -6.14
2011-08-07 -18.34 -20.55 13.78 -6.41
2011-08-08 -9.15 -20.52 13.78 -6.67
2011-08-09 -6.58 -20.49 13.78 -6.92
2011-08-10 -5.56 -20.46 13.78 -7.18
2011-08-11 -8.88 -20.43 13.78 -7.42
2011-08-12 -8.73 -20.39 13.78 -7.67
2011-08-13 -12.60 -20.36 13.78 -7.91
2011-08-14 -9.49 -20.33 13.78 -8.14
2011-08-15 -23.02 -20.30 13.78 -8.37
2011-08-16 -3.05 -20.27 13.78 -8.60
2011-08-19 -11.99 -20.24 13.78 -9.25
2011-08-20 -17.88 -20.20 13.78 -9.45
2011-08-23 -17.27 -20.17 13.78 -10.04
2011-08-24 -19.22 -20.14 13.78 -10.22
2011-08-25 -13.72 -20.11 13.78 -10.40
2011-08-26 -12.17 -20.08 13.78 -10.57
2011-08-27 -16.68 -20.04 13.78 -10.74
2011-08-28 -14.85 -20.01 13.78 -10.90
2011-08-29 -21.69 -19.98 13.78 -11.05
2011-08-30 -18.25 -19.95 13.78 -11.20
2011-08-31 -14.91 -19.92 13.78 -11.34
2011-09-01 -16.47 -19.89 13.78 -11.48
2011-09-02 -17.80 -19.85 13.78 -11.61
2011-09-03 -8.95 -19.82 13.78 -11.73
2011-09-06 -25.04 -19.79 13.78 -12.07
2011-09-07 -20.00 -19.76 13.78 -12.17
2011-09-08 -22.63 -19.73 13.78 -12.27
2011-09-09 -10.44 -19.69 13.78 -12.35
2011-09-13 -11.05 -19.66 13.78 -12.64
2011-09-14 -16.25 -19.63 13.78 -12.70
2011-09-15 -14.61 -19.60 13.78 -12.75
2011-09-16 -19.73 -19.57 13.78 -12.80
2011-09-17 -19.30 -19.54 13.78 -12.84
2011-09-18 -14.68 -19.50 13.78 -12.87
2011-09-19 -16.34 -19.47 13.78 -12.90
2011-09-20 -20.67 -19.44 13.78 -12.92
2011-09-21 -23.28 -19.41 13.78 -12.94
2011-09-22 -12.79 -19.38 13.78 -12.95
2011-09-23 -21.45 -19.34 13.78 -12.95
2011-09-24 -20.54 -19.31 13.78 -12.95
2011-09-25 -24.03 -19.28 13.78 -12.94
2011-09-26 -17.11 -19.25 13.78 -12.93
2011-09-27 -13.48 -19.22 13.78 -12.91
2011-09-28 -13.70 -19.19 13.78 -12.89
2011-09-29 -17.09 -19.15 13.78 -12.86
2011-09-30 -18.52 -19.12 13.43 -12.83
2011-10-01 -19.47 -19.09 12.41 -12.79
2011-10-02 -24.22 -19.06 11.85 -12.75
2011-10-03 -19.33 -19.03 11.85 -12.70
2011-10-04 -18.34 -18.99 11.85 -12.65
2011-10-05 -22.24 -18.96 11.85 -12.59
2011-10-06 -20.14 -18.93 11.85 -12.53
2011-10-07 -19.27 -18.90 11.85 -12.46
2011-10-08 -22.62 -18.87 11.85 -12.39
2011-10-09 -24.96 -18.84 11.85 -12.31
2011-10-10 -26.03 -18.80 11.85 -12.23
2011-10-12 -29.63 -18.77 11.85 -12.06
2011-10-13 -20.22 -18.74 11.85 -11.97
2011-10-14 -13.24 -18.71 11.85 -11.88
2011-10-15 -27.37 -18.68 11.85 -11.78
2011-10-16 -21.25 -18.64 11.85 -11.67
2011-10-17 -20.32 -18.61 11.85 -11.57
2011-10-18 -19.02 -18.58 11.85 -11.46
2011-10-19 -22.52 -18.55 11.85 -11.35
2011-10-20 -21.85 -18.52 11.85 -11.23
2011-10-21 -23.89 -18.49 11.85 -11.11
2011-10-22 -26.60 -18.45 11.85 -10.99
2011-10-23 -18.73 -18.42 11.85 -10.87
2011-10-24 -18.37 -18.39 11.85 -10.75
2011-10-25 -15.44 -18.36 11.85 -10.62
2011-10-26 -17.27 -18.33 11.85 -10.49
2011-10-27 -20.54 -18.29 11.85 -10.35
2011-10-28 -17.10 -18.26 11.85 -10.22
2011-10-29 -22.80 -18.23 11.85 -10.08
2011-10-31 -28.91 -18.20 11.85 -9.81
2011-11-01 -24.34 -18.16 11.85 -9.66
2011-11-02 -17.73 -18.12 11.85 -9.52
2011-11-03 -18.24 -18.08 11.85 -9.38
2011-11-04 -17.21 -18.04 11.85 -9.23
2011-11-05 -17.31 -18.00 11.85 -9.08
2011-11-06 -14.05 -17.96 11.85 -8.94
2011-11-07 -18.69 -17.92 11.85 -8.79
2011-11-08 -22.21 -17.87 11.85 -8.64
2011-11-09 -16.35 -17.83 11.85 -8.49
2011-11-10 -20.40 -17.79 11.85 -8.34
2011-11-11 -18.43 -17.75 11.85 -8.19
2011-11-12 -13.51 -17.71 11.85 -8.04
2011-11-13 -15.71 -17.67 11.85 -7.89
2011-11-14 -20.50 -17.63 11.85 -7.74
2011-11-15 -19.07 -17.59 11.85 -7.58
2011-11-16 -14.25 -17.55 11.85 -7.43
2011-11-17 -11.16 -17.51 11.85 -7.28
2011-11-18 -4.32 -17.47 11.85 -7.13
2011-11-19 -10.84 -17.43 11.85 -6.98
2011-11-20 -10.37 -17.39 11.85 -6.83
2011-11-21 -14.27 -17.35 11.85 -6.68
2011-11-22 -16.75 -17.31 11.85 -6.53
2011-11-23 -12.16 -17.27 11.85 -6.38
2011-11-24 -10.17 -17.23 11.85 -6.23
2011-11-25 -12.31 -17.18 11.85 -6.09
2011-11-26 -12.85 -17.14 11.85 -5.94
2011-11-27 -11.76 -17.10 11.85 -5.80
2011-11-28 -11.20 -17.06 11.85 -5.65
2011-11-29 -10.99 -17.02 11.85 -5.51
2011-11-30 -3.82 -16.98 11.85 -5.36
2011-12-01 -8.68 -16.94 11.85 -5.22
2011-12-02 -8.81 -16.90 11.85 -5.08
2011-12-05 -13.39 -16.86 11.85 -4.67
2011-12-06 -6.75 -16.82 11.85 -4.53
2011-12-07 -2.92 -16.78 11.85 -4.40
2011-12-08 -7.01 -16.74 11.85 -4.26
2011-12-09 -9.58 -16.70 11.85 -4.13
2011-12-10 -9.65 -16.66 11.85 -4.00
2011-12-11 -15.00 -16.62 11.85 -3.87
2011-12-12 -5.21 -16.58 11.85 -3.74
2011-12-13 -10.41 -16.54 11.85 -3.62
2011-12-14 -11.83 -16.49 11.85 -3.49
2011-12-15 -8.80 -16.45 11.85 -3.37
2011-12-16 -5.77 -16.41 11.85 -3.25
2011-12-17 -5.75 -16.37 11.85 -3.13
2011-12-18 -4.03 -16.33 11.85 -3.01
2011-12-19 -1.53 -16.29 11.85 -2.89
2011-12-20 -3.90 -16.25 11.85 -2.77
2011-12-21 -6.96 -16.21 11.85 -2.65
2011-12-22 -9.37 -16.17 11.85 -2.54
2011-12-23 -4.81 -16.13 11.85 -2.43
2011-12-24 -3.31 -16.09 11.85 -2.31
2011-12-25 -5.63 -16.05 11.85 -2.20
2011-12-26 -8.02 -16.01 11.85 -2.09
2011-12-27 -4.59 -15.97 11.85 -1.98
2011-12-28 -9.04 -15.93 11.85 -1.88
2011-12-29 -10.58 -15.89 11.85 -1.77
2011-12-30 -12.15 -15.84 11.85 -1.66
2011-12-31 -8.63 -15.80 11.85 -1.56
2012-01-01 -7.47 -15.76 11.85 -1.46
2012-01-02 -4.85 -15.72 11.85 -1.35
2012-01-03 -3.42 -15.68 11.85 -1.25
2012-01-04 -3.04 -15.64 11.85 -1.15
2012-01-05 -8.27 -15.60 11.85 -1.05
2012-01-06 -5.62 -15.56 11.85 -0.95
2012-01-07 -4.82 -15.52 11.85 -0.85
2012-01-08 -6.39 -15.48 11.85 -0.75
2012-01-09 -4.18 -15.44 11.85 -0.65
2012-01-10 -3.33 -15.40 11.85 -0.56
2012-01-11 -2.62 -15.36 11.85 -0.46
2012-01-12 -10.01 -15.32 11.85 -0.36
2012-01-13 -8.53 -15.28 11.85 -0.27
2012-01-14 -5.68 -15.24 11.85 -0.17
2012-01-15 -2.19 -15.20 11.85 -0.07
2012-01-16 2.63 -15.15 11.85 0.02
2012-01-17 6.05 -15.11 11.85 0.12
2012-01-18 1.13 -15.07 11.85 0.22
2012-01-19 3.16 -15.03 11.85 0.31
2012-01-20 -1.06 -14.99 11.85 0.41
2012-01-21 4.63 -14.95 11.85 0.50
2012-01-22 1.24 -14.91 11.85 0.60
2012-01-23 0.24 -14.87 11.85 0.70
2012-01-24 0.92 -14.83 11.85 0.80
2012-01-25 -2.86 -14.79 11.85 0.89
2012-01-26 0.33 -14.75 11.85 0.99
2012-01-27 3.99 -14.71 11.85 1.09
2012-01-28 4.83 -14.67 11.85 1.19
2012-01-29 2.55 -14.63 11.85 1.29
2012-01-30 -1.08 -14.59 11.85 1.39
2012-01-31 1.91 -14.55 11.85 1.50
2012-02-01 -1.38 -14.51 11.85 1.60
2012-02-02 2.43 -14.46 11.85 1.70
2012-02-03 0.30 -14.47 11.85 1.81
2012-02-04 -2.14 -14.47 11.85 1.91
2012-02-05 2.00 -14.47 11.85 2.02
2012-02-06 9.80 -14.48 11.85 2.13
2012-02-07 4.95 -14.48 11.85 2.23
2012-02-08 6.07 -14.48 11.85 2.34
2012-02-09 1.52 -14.48 11.85 2.45
2012-02-10 1.69 -14.49 11.85 2.57
2012-02-11 2.14 -14.49 11.85 2.68
2012-02-12 -2.38 -14.49 11.85 2.79
2012-02-13 0.18 -14.50 11.85 2.91
2012-02-14 6.67 -14.50 11.85 3.03
2012-02-15 1.10 -14.50 11.85 3.14
2012-02-16 2.70 -14.51 11.85 3.26
2012-02-17 6.74 -14.51 11.85 3.38
2012-02-18 6.71 -14.51 11.85 3.51
2012-02-19 4.60 -14.51 11.85 3.63
2012-02-20 7.75 -14.52 11.85 3.75
2012-02-21 1.94 -14.52 11.85 3.88
2012-02-22 4.79 -14.52 11.85 4.01
2012-02-23 2.14 -14.53 11.85 4.14
2012-02-24 2.41 -14.53 11.85 4.27
2012-02-25 4.16 -14.53 11.85 4.40
2012-02-26 7.36 -14.53 11.85 4.53
2012-02-27 2.14 -14.54 11.85 4.66
2012-02-28 8.38 -14.54 11.85 4.80
2012-02-29 0.24 -14.54 10.94 4.93
2012-03-01 1.61 -14.55 10.94 5.07
2012-03-02 0.17 -14.55 10.94 5.21
2012-03-03 -4.63 -14.55 10.94 5.35
2012-03-04 1.07 -14.55 10.94 5.49
2012-03-05 4.50 -14.56 10.94 5.63
2012-03-06 5.10 -14.56 10.94 5.78
2012-03-07 3.65 -14.56 10.94 5.92
2012-03-08 5.24 -14.57 10.94 6.06
2012-03-09 -1.36 -14.57 8.40 6.21
2012-03-10 0.66 -14.57 8.40 6.36
2012-03-11 -11.07 -14.57 8.40 6.50
2012-03-12 -7.70 -14.58 8.40 6.65
2012-03-13 -10.29 -14.58 8.40 6.80
2012-03-14 -7.50 -14.58 8.40 6.95
2012-03-15 -5.13 -14.59 8.40 7.09
2012-03-16 0.96 -14.59 8.40 7.24
2012-03-17 2.27 -14.59 8.40 7.39
2012-03-18 2.57 -14.59 8.40 7.54
2012-03-19 -0.08 -14.60 8.40 7.69
2012-03-20 4.85 -14.60 8.40 7.84
2012-03-21 1.96 -14.60 8.40 7.99
2012-03-22 1.57 -14.61 8.40 8.14
2012-03-23 4.29 -14.61 8.40 8.29
2012-03-24 -4.28 -14.61 8.40 8.44
2012-03-25 1.36 -14.61 8.40 8.59
2012-03-26 -4.08 -14.62 8.40 8.74
2012-03-27 -1.23 -14.62 8.40 8.88
2012-03-28 0.66 -14.62 8.40 9.03
2012-03-29 5.92 -14.63 8.40 9.17
2012-03-30 4.19 -14.63 8.40 9.32
2012-03-31 6.31 -14.63 8.40 9.46
2012-04-01 -4.78 -14.63 8.40 9.60
2012-04-02 -0.61 -14.64 8.40 9.74
2012-04-03 6.22 -14.64 8.40 9.88
2012-04-04 2.18 -14.64 8.40 10.02
2012-04-05 -1.38 -14.65 8.40 10.16
2012-04-06 -0.15 -14.65 8.40 10.29
2012-04-09 0.49 -14.65 8.40 10.68
2012-04-10 -4.46 -14.65 8.40 10.81
2012-04-11 5.38 -14.66 8.40 10.93
2012-04-12 0.52 -14.66 8.40 11.05
2012-04-13 7.54 -14.66 8.40 11.17
2012-04-14 6.85 -14.67 8.40 11.28
2012-04-15 4.84 -14.67 8.40 11.39
2012-04-16 -1.43 -14.67 8.40 11.50
2012-04-17 1.96 -14.67 8.40 11.61
2012-04-18 4.37 -14.68 8.40 11.71
2012-04-19 3.31 -14.68 8.40 11.81
2012-04-20 4.56 -14.68 8.40 11.91
2012-04-21 4.26 -14.69 8.40 12.00
2012-04-22 -0.30 -14.69 8.40 12.09
2012-04-23 -0.25 -14.69 8.40 12.17
2012-04-24 8.08 -14.69 8.40 12.25
2012-04-25 2.52 -14.70 8.40 12.33
2012-04-26 8.71 -14.70 8.40 12.40
2012-04-27 11.40 -14.70 8.40 12.47
2012-04-28 7.47 -14.71 8.40 12.53
2012-04-29 1.03 -14.71 8.40 12.59
2012-04-30 3.29 -14.71 8.40 12.64
2012-05-01 2.66 -14.71 8.40 12.69
2012-05-02 2.84 -14.72 8.40 12.74
2012-05-03 10.39 -14.72 8.40 12.78
2012-05-04 2.08 -14.72 8.40 12.81
2012-05-05 4.95 -14.73 8.40 12.84
2012-05-07 -0.85 -14.73 8.40 12.88
2012-05-08 4.85 -14.73 8.40 12.90
2012-05-09 6.25 -14.73 8.40 12.91
2012-05-10 2.67 -14.74 8.40 12.91
2012-05-11 8.31 -14.74 8.40 12.91
2012-05-12 6.71 -14.74 8.40 12.90
2012-05-13 15.51 -14.75 8.40 12.89
2012-05-14 4.42 -14.75 8.40 12.87
2012-05-15 10.05 -14.75 8.40 12.84
2012-05-16 12.17 -14.76 8.40 12.81
2012-05-17 11.05 -14.76 8.40 12.77
2012-05-18 4.96 -14.76 8.40 12.73
2012-05-19 17.48 -14.76 8.40 12.68
2012-05-20 5.15 -14.77 8.40 12.62
2012-05-21 6.05 -14.77 8.40 12.56
2012-05-22 14.11 -14.77 8.40 12.49
2012-05-23 5.61 -14.78 8.40 12.42
2012-05-24 10.31 -14.78 8.40 12.34
2012-05-25 9.85 -14.78 8.40 12.26
2012-05-26 8.31 -14.78 8.40 12.16
2012-05-27 9.10 -14.79 8.40 12.07
2012-05-28 15.34 -14.79 8.40 11.96
2012-05-29 6.14 -14.79 8.40 11.85
2012-05-30 5.69 -14.80 8.40 11.74
2012-05-31 2.74 -14.80 8.40 11.61
2012-06-03 3.57 -14.80 8.40 11.21
2012-06-04 -1.99 -14.80 8.40 11.06
2012-06-05 6.63 -14.81 8.40 10.91
2012-06-06 2.97 -14.81 8.40 10.75
2012-06-07 4.49 -14.81 8.40 10.59
2012-06-08 4.84 -14.82 8.40 10.42
2012-06-09 6.91 -14.82 8.40 10.25
2012-06-10 6.05 -14.82 8.40 10.06
2012-06-13 -1.23 -14.82 8.40 9.49
2012-06-14 2.19 -14.83 8.40 9.28
2012-06-15 4.54 -14.83 8.40 9.08
2012-06-16 4.66 -14.83 8.40 8.86
2012-06-17 1.55 -14.84 8.40 8.64
2012-06-18 3.80 -14.84 8.40 8.42
2012-06-19 4.46 -14.84 8.40 8.19
2012-06-20 1.03 -14.84 8.40 7.96
2012-06-21 -2.12 -14.85 8.40 7.72
2012-06-22 2.81 -14.85 8.40 7.48
2012-06-23 3.41 -14.85 8.40 7.23
2012-06-24 5.64 -14.86 8.40 6.98
2012-06-25 -0.24 -14.86 8.40 6.73
2012-06-27 4.90 -14.86 8.40 6.21
2012-06-28 0.14 -14.86 8.40 5.94
2012-06-29 1.51 -14.87 8.40 5.67
2012-06-30 7.09 -14.87 8.40 5.39
2012-07-01 -1.01 -14.87 8.40 5.12
2012-07-02 3.04 -14.88 8.40 4.84
2012-07-03 -15.02 -14.88 8.40 4.55
2012-07-04 -8.98 -14.88 8.40 4.27
2012-07-05 0.54 -14.88 8.40 3.98
2012-07-06 5.24 -14.89 8.40 3.69
2012-07-07 12.73 -14.89 8.40 3.39
2012-07-08 -2.74 -14.89 8.40 3.10
2012-07-09 1.40 -14.90 8.40 2.80
2012-07-10 4.25 -14.90 8.40 2.50
2012-07-11 -2.92 -14.90 8.40 2.20
2012-07-12 -2.65 -14.90 8.40 1.89
2012-07-13 -7.42 -14.91 8.40 1.59
2012-07-14 -3.96 -14.91 8.40 1.28
2012-07-15 -4.99 -14.91 8.40 0.98
2012-07-16 -1.83 -14.92 8.40 0.67
2012-07-17 -8.72 -14.92 8.40 0.36
2012-07-18 -7.90 -14.92 8.40 0.05
2012-07-20 -8.45 -14.92 8.40 -0.56
2012-07-22 -5.22 -14.93 8.40 -1.18
2012-07-24 0.76 -14.93 8.40 -1.80
2012-07-25 -11.88 -14.93 8.40 -2.10
2012-07-26 -11.88 -14.94 8.40 -2.41
2012-07-27 -13.54 -14.94 8.40 -2.71
2012-07-28 -10.55 -14.94 8.40 -3.02
2012-07-29 -7.54 -14.94 8.40 -3.32
2012-07-30 -6.12 -14.95 8.40 -3.62
2012-07-31 -9.37 -14.95 8.40 -3.92
2012-08-01 -11.41 -14.95 8.40 -4.21
2012-08-02 -11.75 -14.96 8.40 -4.51
2012-08-03 -19.23 -14.96 8.40 -4.80
2012-08-04 -9.34 -14.96 8.40 -5.09
2012-08-05 -21.91 -14.96 8.40 -5.38
2012-08-06 -14.03 -14.97 8.40 -5.66
2012-08-07 -11.70 -14.97 8.40 -5.94
2012-08-08 -14.87 -14.97 8.40 -6.22
2012-08-09 -15.53 -14.98 8.40 -6.49
2012-08-10 -17.28 -14.98 8.40 -6.76
2012-08-11 -18.38 -14.98 8.40 -7.03
2012-08-12 -14.89 -14.99 8.40 -7.29
2012-08-13 -14.86 -14.99 8.40 -7.55
2012-08-14 -15.08 -14.99 8.40 -7.81
2012-08-15 -23.16 -14.99 8.40 -8.06
2012-08-16 -21.48 -15.00 8.40 -8.30
2012-08-17 -12.75 -15.00 8.40 -8.55
2012-08-18 -17.49 -15.00 8.40 -8.78
2012-08-19 -19.83 -15.01 8.40 -9.02
2012-08-20 -22.06 -15.01 8.40 -9.24
2012-08-21 -18.74 -15.01 8.40 -9.47
2012-08-22 -20.76 -15.01 8.40 -9.68
2012-08-23 -9.19 -15.02 8.40 -9.90
2012-08-24 -22.84 -15.02 8.40 -10.10
2012-08-25 -24.37 -15.02 8.40 -10.31
2012-08-26 -16.19 -15.03 8.40 -10.50
2012-08-27 -25.79 -15.03 8.40 -10.69
2012-08-28 -16.46 -15.03 8.40 -10.88
2012-08-29 -14.15 -15.03 8.40 -11.06
2012-08-30 -21.49 -15.04 8.40 -11.23
2012-08-31 -18.78 -15.04 8.40 -11.40
2012-09-01 -17.94 -15.04 8.40 -11.56
2012-09-02 -23.34 -15.05 8.40 -11.71
2012-09-03 -24.51 -15.05 8.40 -11.86
2012-09-04 -6.88 -15.05 8.40 -12.01
2012-09-05 -24.34 -15.05 8.40 -12.14
2012-09-06 -24.49 -15.06 8.40 -12.28
2012-09-07 -24.01 -15.06 8.40 -12.40
2012-09-08 -18.10 -15.06 8.40 -12.52
2012-09-09 -15.13 -15.07 8.40 -12.63
2012-09-10 -7.17 -15.07 8.40 -12.74
2012-09-11 -18.73 -15.07 8.40 -12.83
2012-09-12 -30.20 -15.07 8.40 -12.93
2012-09-13 -23.33 -15.08 8.40 -13.01
2012-09-14 -22.77 -15.08 8.40 -13.09
2012-09-15 -20.41 -15.08 8.40 -13.17
2012-09-16 -23.06 -15.09 8.40 -13.23
2012-09-17 -22.43 -15.09 8.40 -13.29
2012-09-18 -24.06 -15.09 8.40 -13.35
2012-09-19 -27.27 -15.09 8.40 -13.40
2012-09-20 -29.21 -15.10 8.40 -13.44
2012-09-21 -24.41 -15.10 8.40 -13.47
2012-09-22 -12.55 -15.10 8.40 -13.50
2012-09-23 -24.75 -15.11 8.40 -13.53
2012-09-24 -17.86 -15.11 8.40 -13.54
2012-09-25 -20.64 -15.11 8.40 -13.55
2012-09-26 -25.94 -15.11 8.40 -13.56
2012-09-27 -23.40 -15.12 8.40 -13.55
2012-09-28 -16.52 -15.12 8.40 -13.55
2012-09-29 -18.91 -15.12 8.40 -13.53
2012-09-30 -18.53 -15.13 8.40 -13.51
2012-10-01 -23.76 -15.13 8.40 -13.49
2012-10-02 -22.00 -15.13 8.40 -13.46
2012-10-03 -22.26 -15.13 8.40 -13.42
2012-10-04 -14.60 -15.14 8.40 -13.38
2012-10-05 -15.85 -15.14 8.40 -13.33
2012-10-06 -20.02 -15.14 8.40 -13.27
2012-10-07 -22.13 -15.15 8.40 -13.22
2012-10-08 -21.09 -15.15 8.40 -13.15
2012-10-09 -16.50 -15.15 8.40 -13.08
2012-10-10 -18.39 -15.15 8.40 -13.01
2012-10-11 -20.65 -15.16 8.40 -12.93
2012-10-12 -17.25 -15.16 8.40 -12.85
2012-10-13 -16.71 -15.16 8.40 -12.76
2012-10-14 -17.49 -15.17 8.40 -12.66
2012-10-15 -19.51 -15.17 8.40 -12.57
2012-10-16 -23.37 -15.17 8.40 -12.46
2012-10-17 -25.52 -15.17 8.40 -12.36
2012-10-18 -23.47 -15.18 8.40 -12.25
2012-10-19 -22.53 -15.18 8.40 -12.13
2012-10-20 -28.42 -15.18 8.40 -12.01
2012-10-21 -22.52 -15.19 8.40 -11.89
2012-10-22 -15.05 -15.19 8.71 -11.77
2012-10-23 -20.11 -15.19 8.71 -11.64
2012-10-24 -19.07 -15.19 8.71 -11.50
2012-10-25 -18.00 -15.20 8.71 -11.37
2012-10-26 -12.73 -15.20 9.34 -11.23
2012-10-27 -11.47 -15.20 9.34 -11.09
2012-10-28 -0.90 -15.21 9.34 -10.94
2012-10-29 -21.73 -15.21 9.34 -10.80
2012-10-30 -0.76 -15.21 9.34 -10.64
2012-10-31 -11.88 -15.21 9.34 -10.49
2012-11-01 -17.88 -15.22 9.34 -10.34
2012-11-02 -15.86 -15.22 9.34 -10.18
2012-11-03 -9.30 -15.22 9.34 -10.02
2012-11-04 -12.90 -15.23 9.34 -9.86
2012-11-05 -15.20 -15.23 9.34 -9.70
2012-11-06 -15.23 -15.23 9.34 -9.53
2012-11-07 -3.08 -15.24 9.34 -9.36
2012-11-09 -12.21 -15.24 9.34 -9.03
2012-11-10 -14.17 -15.24 9.34 -8.86
2012-11-11 -12.15 -15.24 9.34 -8.69
2012-11-12 -12.73 -15.25 9.34 -8.51
2012-11-13 -7.27 -15.25 9.34 -8.34
2012-11-14 -14.00 -15.25 9.34 -8.17
2012-11-15 -16.74 -15.26 9.34 -7.99
2012-11-16 -20.44 -15.26 9.34 -7.82
2012-11-17 -14.41 -15.26 9.34 -7.64
2012-11-18 -13.90 -15.26 9.34 -7.46
2012-11-19 -18.13 -15.27 9.34 -7.29
2012-11-20 -13.69 -15.27 9.34 -7.11
2012-11-21 -11.35 -15.27 9.34 -6.94
2012-11-22 -10.78 -15.28 9.34 -6.76
2012-11-23 -11.48 -15.28 9.34 -6.59
2012-11-24 -9.76 -15.28 9.34 -6.41
2012-11-25 -11.87 -15.28 9.34 -6.24
2012-11-26 -15.73 -15.29 9.34 -6.06
2012-11-27 -11.33 -15.29 9.34 -5.89
2012-11-28 -7.16 -15.29 9.34 -5.72
2012-11-29 -9.99 -15.30 9.34 -5.55
2012-11-30 -2.49 -15.30 9.34 -5.37
2012-12-01 -7.73 -15.30 9.34 -5.20
2012-12-02 -9.90 -15.31 9.34 -5.04
2012-12-03 -9.02 -15.32 9.34 -4.87
2012-12-04 -13.11 -15.33 9.34 -4.70
2012-12-05 -9.05 -15.34 9.34 -4.54
2012-12-06 -11.31 -15.36 9.34 -4.37
2012-12-07 -9.97 -15.37 9.34 -4.21
2012-12-08 -6.73 -15.38 9.34 -4.05
2012-12-09 -6.27 -15.39 9.34 -3.89
2012-12-10 -11.74 -15.40 9.34 -3.73
2012-12-11 -10.02 -15.41 9.34 -3.57
2012-12-12 -8.03 -15.42 9.34 -3.42
2012-12-13 -7.97 -15.43 9.34 -3.26
2012-12-14 -10.77 -15.44 9.34 -3.11
2012-12-15 -10.40 -15.45 9.34 -2.96
2012-12-16 -10.58 -15.46 9.34 -2.81
2012-12-17 -6.56 -15.48 9.34 -2.67
2012-12-18 -7.18 -15.49 9.34 -2.52
2012-12-19 -0.36 -15.50 9.34 -2.38
2012-12-20 -3.36 -15.51 9.34 -2.24
2012-12-21 -4.21 -15.52 9.34 -2.10
2012-12-22 -6.04 -15.53 9.34 -1.96
2012-12-23 -12.96 -15.54 9.34 -1.82
2012-12-24 -4.35 -15.55 9.34 -1.69
2012-12-25 -8.29 -15.56 9.34 -1.55
2012-12-26 -9.78 -15.57 9.34 -1.42
2012-12-27 -7.65 -15.59 9.34 -1.29
2012-12-28 -9.87 -15.60 9.34 -1.17
2012-12-29 -11.00 -15.61 9.34 -1.04
2012-12-30 -7.33 -15.62 9.34 -0.92
2013-01-01 -11.45 -15.63 9.34 -0.67
2013-01-02 -8.14 -15.64 9.34 -0.56
2013-01-03 -20.05 -15.65 9.34 -0.44
2013-01-04 -6.79 -15.66 9.34 -0.32
2013-01-05 -5.93 -15.67 9.34 -0.21
2013-01-06 -4.02 -15.68 9.34 -0.09
2013-01-07 -10.35 -15.69 9.34 0.02
2013-01-08 -0.94 -15.71 9.34 0.13
2013-01-09 -4.27 -15.72 9.34 0.23
2013-01-10 -1.75 -15.73 9.34 0.34
2013-01-11 -0.03 -15.74 9.34 0.45
2013-01-12 -1.90 -15.75 9.34 0.55
2013-01-13 0.46 -15.76 9.34 0.66
2013-01-14 -3.03 -15.77 9.34 0.76
2013-01-15 -4.87 -15.78 9.34 0.86
2013-01-16 -4.66 -15.79 9.34 0.96
2013-01-17 -3.95 -15.80 9.34 1.06
2013-01-18 -4.76 -15.81 9.34 1.16
2013-01-19 -7.26 -15.83 9.34 1.26
2013-01-20 0.36 -15.84 9.34 1.35
2013-01-21 -2.78 -15.85 9.34 1.45
2013-01-22 -0.80 -15.86 9.34 1.54
2013-01-23 -3.04 -15.87 9.34 1.64
2013-01-24 -2.54 -15.88 9.34 1.73
2013-01-25 -12.17 -15.89 9.34 1.83
2013-01-26 -6.02 -15.90 9.34 1.92
2013-01-27 -3.34 -15.91 9.34 2.01
2013-01-28 -5.65 -15.92 9.34 2.10
2013-01-29 -6.46 -15.93 9.34 2.20
2013-01-30 -10.83 -15.95 9.34 2.29
2013-01-31 -6.57 -15.96 9.34 2.38
2013-02-01 -5.50 -15.97 9.34 2.47
2013-02-02 -2.10 -15.98 9.34 2.56
2013-02-03 0.10 -15.99 9.34 2.66
2013-02-04 -3.86 -16.00 9.34 2.75
2013-02-05 -4.56 -16.01 9.34 2.84
2013-02-06 -5.69 -16.02 9.34 2.93
2013-02-07 -1.57 -16.03 9.34 3.03
2013-02-08 -7.98 -16.04 9.34 3.12
2013-02-09 -0.90 -16.05 9.34 3.21
2013-02-10 -4.65 -16.07 9.34 3.31
2013-02-11 0.72 -16.08 9.34 3.40
2013-02-12 -4.26 -16.09 9.34 3.50
2013-02-13 -2.87 -16.10 9.34 3.59
2013-02-14 3.92 -16.11 9.34 3.69
2013-02-15 -1.23 -16.12 9.34 3.78
2013-02-16 1.11 -16.13 9.34 3.88
2013-02-17 1.96 -16.14 9.34 3.98
2013-02-18 -1.59 -16.15 9.34 4.08
2013-02-19 -2.89 -16.16 9.34 4.18
2013-02-20 -3.01 -16.17 9.34 4.28
2013-02-21 -4.76 -16.19 9.34 4.38
2013-02-22 -1.30 -16.20 9.34 4.48
2013-02-23 1.28 -16.21 9.34 4.58
2013-02-24 -2.38 -16.22 9.34 4.69
2013-02-25 -3.58 -16.23 9.34 4.79
2013-02-26 1.57 -16.24 9.34 4.90
2013-02-27 -0.58 -16.25 9.34 5.01
2013-02-28 8.32 -16.26 9.34 5.11
2013-03-01 0.67 -16.27 9.34 5.22
2013-03-02 -6.64 -16.28 9.34 5.33
2013-03-03 0.23 -16.29 9.34 5.44
2013-03-04 -4.90 -16.31 9.34 5.55
2013-03-05 -4.82 -16.32 9.34 5.67
2013-03-06 -5.22 -16.33 9.34 5.78
2013-03-07 -6.00 -16.34 9.34 5.89
2013-03-08 -9.40 -16.35 9.34 6.01
2013-03-09 -2.79 -16.36 9.34 6.12
2013-03-10 0.38 -16.37 9.34 6.24
2013-03-11 -4.16 -16.38 9.34 6.36
2013-03-12 -8.59 -16.39 9.34 6.48
2013-03-13 -9.55 -16.40 9.34 6.60
2013-03-14 -11.30 -16.42 9.34 6.72
2013-03-15 -4.90 -16.43 9.34 6.84
2013-03-16 -11.29 -16.44 9.34 6.96
2013-03-17 -3.06 -16.45 9.34 7.08
2013-03-18 1.32 -16.46 9.34 7.20
2013-03-19 2.47 -16.47 9.34 7.32
2013-03-20 -2.44 -16.48 9.34 7.44
2013-03-21 0.87 -16.49 9.34 7.57
2013-03-22 -0.75 -16.50 9.34 7.69
2013-03-23 0.19 -16.51 9.34 7.82
2013-03-24 2.91 -16.52 9.34 7.94
2013-03-25 2.70 -16.54 9.34 8.06
2013-03-26 2.29 -16.55 9.34 8.19
2013-03-27 0.16 -16.56 9.34 8.31
2013-03-28 1.02 -16.57 9.34 8.43
2013-03-29 4.24 -16.58 9.34 8.56
2013-03-30 3.80 -16.59 9.34 8.68
2013-03-31 0.83 -16.60 9.34 8.80
2013-04-01 -0.87 -16.61 9.34 8.93
2013-04-02 8.29 -16.62 9.34 9.05
2013-04-03 2.17 -16.63 9.34 9.17
2013-04-04 5.61 -16.64 9.34 9.29
2013-04-05 1.67 -16.66 9.34 9.41
2013-04-06 -1.92 -16.67 9.34 9.52
2013-04-07 3.19 -16.68 9.34 9.64
2013-04-08 10.53 -16.69 9.34 9.76
2013-04-09 -2.05 -16.70 9.34 9.87
2013-04-10 -0.49 -16.71 9.34 9.99
2013-04-11 -2.49 -16.72 9.34 10.10
2013-04-12 -8.75 -16.73 9.34 10.21
2013-04-13 2.82 -16.74 9.34 10.32
2013-04-14 6.88 -16.75 9.34 10.42
2013-04-15 10.02 -16.76 9.34 10.53
2013-04-17 5.85 -16.78 9.34 10.73
2013-04-18 5.05 -16.79 9.34 10.83
2013-04-19 5.63 -16.80 9.34 10.92
2013-04-20 9.09 -16.81 9.34 11.02
2013-04-21 -5.64 -16.82 9.34 11.11
2013-04-22 -4.63 -16.83 9.34 11.19
2013-04-23 0.16 -16.84 9.34 11.28
2013-04-24 2.68 -16.85 9.34 11.36
2013-04-25 -0.31 -16.86 9.34 11.44
2013-04-26 0.23 -16.87 9.34 11.51
2013-04-27 4.93 -16.88 9.34 11.59
2013-04-28 7.84 -16.90 9.34 11.66
2013-04-29 1.71 -16.91 9.34 11.72
2013-04-30 11.49 -16.92 9.34 11.78
2013-05-01 3.31 -16.93 9.34 11.84
2013-05-02 -2.51 -16.94 9.34 11.89
2013-05-03 6.17 -16.95 9.34 11.94
2013-05-04 3.55 -16.96 9.34 11.99
2013-05-05 0.10 -16.97 9.34 12.03
2013-05-06 2.19 -16.98 9.34 12.07
2013-05-07 1.23 -16.99 9.34 12.10
2013-05-08 3.53 -17.00 9.34 12.13
2013-05-09 -0.71 -17.02 9.34 12.16
2013-05-10 -0.99 -17.03 9.34 12.18
2013-05-11 2.68 -17.04 9.34 12.19
2013-05-12 8.74 -17.05 9.34 12.20
2013-05-13 7.62 -17.06 9.34 12.21
2013-05-14 6.92 -17.07 9.34 12.21
2013-05-15 2.06 -17.08 9.34 12.20
2013-05-16 5.13 -17.09 9.34 12.19
2013-05-17 -0.64 -17.10 9.34 12.18
2013-05-18 -3.86 -17.11 9.34 12.16
2013-05-19 10.00 -17.12 9.34 12.13
2013-05-20 -0.26 -17.14 9.34 12.10
2013-05-21 -0.25 -17.15 9.34 12.06
2013-05-22 9.82 -17.16 9.34 12.02
2013-05-23 6.35 -17.17 9.34 11.98
2013-05-24 -0.73 -17.18 9.34 11.92
2013-05-25 1.53 -17.19 9.34 11.86
2013-05-26 2.60 -17.20 9.34 11.80
2013-05-27 -0.55 -17.21 9.34 11.73
2013-05-28 1.45 -17.22 9.34 11.65
2013-05-29 -3.67 -17.23 9.34 11.57
2013-05-30 9.52 -17.25 9.34 11.49
2013-05-31 -3.36 -17.26 9.34 11.39
2013-06-01 2.89 -17.27 9.34 11.30
2013-06-02 4.97 -17.28 9.34 11.19
2013-06-03 -7.74 -17.29 9.34 11.08
2013-06-04 1.79 -17.30 9.34 10.96
2013-06-05 2.74 -17.31 9.34 10.84
2013-06-06 7.12 -17.32 9.34 10.72
2013-06-07 5.26 -17.33 9.34 10.58
2013-06-08 1.19 -17.34 9.34 10.44
2013-06-09 -0.87 -17.35 9.34 10.30
2013-06-10 2.92 -17.37 9.34 10.15
2013-06-11 -0.20 -17.38 9.34 9.99
2013-06-12 -2.02 -17.39 9.34 9.83
2013-06-13 9.01 -17.40 9.81 9.66
2013-06-14 4.09 -17.41 9.81 9.49
2013-06-15 12.40 -17.42 9.81 9.31
2013-06-16 18.41 -17.43 9.81 9.13
2013-06-17 12.10 -17.44 9.81 8.94
2013-06-18 3.08 -17.45 9.81 8.75
2013-06-19 5.81 -17.46 9.81 8.55
2013-06-20 1.76 -17.47 9.81 8.34
2013-06-21 6.83 -17.49 9.81 8.13
2013-06-22 11.43 -17.50 9.81 7.92
2013-06-23 0.32 -17.51 9.81 7.70
2013-06-24 12.16 -17.52 9.81 7.47
2013-06-25 -2.55 -17.53 9.81 7.25
2013-06-26 1.44 -17.54 9.81 7.01
2013-06-27 -0.96 -17.55 9.81 6.77
2013-06-28 3.33 -17.56 9.81 6.53
2013-06-29 -1.04 -17.57 9.81 6.29
2013-06-30 2.55 -17.58 9.81 6.04
2013-07-01 11.28 -17.59 9.81 5.78
2013-07-02 -1.21 -17.61 9.81 5.52
2013-07-03 2.53 -17.62 9.81 5.26
2013-07-04 1.09 -17.63 9.81 4.99
2013-07-05 -2.05 -17.64 9.81 4.73
2013-07-06 -6.64 -17.65 9.81 4.45
2013-07-07 -3.46 -17.66 9.81 4.18
2013-07-08 -8.37 -17.67 9.81 3.90
2013-07-09 -4.37 -17.68 9.81 3.62
2013-07-10 -6.43 -17.69 9.81 3.33
2013-07-11 -9.37 -17.70 9.81 3.05
2013-07-12 -10.70 -17.71 9.81 2.76
2013-07-13 -12.00 -17.73 9.81 2.46
2013-07-14 1.57 -17.74 9.81 2.17
2013-07-15 -1.17 -17.75 9.81 1.87
2013-07-16 -11.29 -17.76 9.81 1.58
2013-07-17 -2.01 -17.77 9.81 1.28
2013-07-18 -13.32 -17.78 9.81 0.98
2013-07-19 -10.56 -17.79 9.81 0.67
2013-07-21 -0.63 -17.80 9.81 0.07
2013-07-22 -2.69 -17.81 9.81 -0.24
2013-07-23 -3.70 -17.82 9.81 -0.54
2013-07-24 -7.68 -17.83 9.81 -0.85
2013-07-25 -4.55 -17.85 9.81 -1.16
2013-07-26 -11.80 -17.86 9.81 -1.46
2013-07-27 -18.74 -17.87 9.81 -1.77
2013-07-28 -8.29 -17.88 9.81 -2.07
2013-07-29 -17.75 -17.89 9.81 -2.38
2013-07-30 -1.65 -17.90 9.81 -2.68
2013-07-31 -11.24 -17.91 9.81 -2.99
2013-08-01 -12.78 -17.92 9.81 -3.29
2013-08-02 -5.62 -17.93 9.81 -3.59
2013-08-03 -6.08 -17.94 9.81 -3.89
2013-08-04 -12.98 -17.95 9.81 -4.19
2013-08-05 -18.69 -17.97 9.81 -4.49
2013-08-06 -12.83 -17.98 9.81 -4.78
2013-08-07 -13.97 -17.99 9.81 -5.08
2013-08-08 -19.00 -18.00 9.81 -5.37
2013-08-09 -17.61 -18.01 9.81 -5.66
2013-08-10 -18.93 -18.02 9.81 -5.94
2013-08-11 -10.18 -18.03 9.81 -6.22
2013-08-12 -18.35 -18.04 9.81 -6.50
2013-08-13 -9.69 -18.05 9.81 -6.78
2013-08-14 -19.58 -18.06 9.81 -7.05
2013-08-15 -15.91 -18.08 9.81 -7.32
2013-08-16 -15.68 -18.09 9.81 -7.59
2013-08-17 -27.91 -18.10 9.81 -7.85
2013-08-18 -17.89 -18.11 9.81 -8.11
2013-08-19 -15.26 -18.12 9.81 -8.37
2013-08-20 -7.98 -18.13 9.81 -8.62
2013-08-21 -18.54 -18.14 9.81 -8.87
2013-08-22 -9.18 -18.15 9.81 -9.11
2013-08-23 -16.96 -18.16 9.81 -9.35
2013-08-24 -16.58 -18.17 9.81 -9.58
2013-08-25 -22.87 -18.18 9.81 -9.81
2013-08-26 -22.49 -18.20 9.81 -10.03
2013-08-27 -17.44 -18.21 9.81 -10.25
2013-08-28 -25.41 -18.22 9.81 -10.46
2013-08-29 -19.50 -18.23 9.81 -10.67
2013-08-30 -18.32 -18.24 9.81 -10.87
2013-08-31 -20.01 -18.25 9.81 -11.07
2013-09-01 -17.92 -18.26 9.81 -11.26
2013-09-02 -28.69 -18.27 9.81 -11.44
2013-09-03 -22.51 -18.28 9.81 -11.62
2013-09-04 -22.31 -18.29 9.81 -11.80
2013-09-05 -20.16 -18.30 9.81 -11.96
2013-09-06 -28.50 -18.32 9.81 -12.12
2013-09-07 -22.48 -18.33 9.81 -12.28
2013-09-08 -30.42 -18.34 9.81 -12.43
2013-09-09 -22.93 -18.35 9.81 -12.57
2013-09-10 -25.31 -18.36 9.81 -12.71
2013-09-11 -20.93 -18.37 9.81 -12.84
2013-09-12 -25.10 -18.38 9.81 -12.96
2013-09-13 -22.49 -18.39 9.81 -13.08
2013-09-14 -21.01 -18.40 9.81 -13.19
2013-09-15 -20.29 -18.41 9.81 -13.29
2013-09-16 -21.51 -18.42 9.81 -13.39
2013-09-17 -24.95 -18.44 9.81 -13.48
2013-09-18 -26.05 -18.45 9.81 -13.57
2013-09-19 -26.08 -18.46 9.81 -13.64
2013-09-20 -22.56 -18.47 9.81 -13.71
2013-09-21 -25.57 -18.48 9.81 -13.78
2013-09-22 -20.53 -18.49 9.81 -13.84
2013-09-23 -21.30 -18.50 9.81 -13.89
2013-09-24 -25.65 -18.51 9.81 -13.93
2013-09-25 -23.27 -18.52 9.81 -13.97
2013-09-26 -22.24 -18.53 9.81 -14.00
2013-09-27 -22.05 -18.54 9.81 -14.03
2013-09-28 -23.64 -18.56 9.81 -14.04
2013-09-29 -16.20 -18.57 9.81 -14.05
2013-09-30 -20.79 -18.58 9.81 -14.06
2013-10-01 -26.03 -18.59 9.81 -14.06
2013-10-02 -21.57 -18.60 9.81 -14.05
2013-10-03 -16.54 -18.61 9.81 -14.04
2013-10-04 -17.92 -18.62 9.81 -14.02
2013-10-05 -20.33 -18.63 9.81 -13.99
2013-10-06 -14.61 -18.64 9.81 -13.96
2013-10-07 -20.27 -18.65 9.81 -13.92
2013-10-08 -25.59 -18.66 9.81 -13.87
2013-10-09 -19.13 -18.68 9.81 -13.82
2013-10-10 -26.10 -18.69 9.81 -13.76
2013-10-11 -22.19 -18.70 9.81 -13.70
2013-10-12 -18.39 -18.71 9.81 -13.63
2013-10-13 -14.82 -18.72 9.81 -13.56
2013-10-14 -15.73 -18.73 9.81 -13.48
2013-10-15 -19.33 -18.74 9.81 -13.40
2013-10-16 -19.19 -18.75 9.81 -13.31
2013-10-17 -21.67 -18.76 9.81 -13.21
2013-10-18 -16.99 -18.77 9.81 -13.11
2013-10-19 -19.00 -18.78 9.81 -13.00
2013-10-20 -18.08 -18.80 9.81 -12.89
2013-10-22 -26.56 -18.81 9.81 -12.66
2013-10-23 -23.93 -18.82 9.81 -12.53
2013-10-24 -22.19 -18.83 9.81 -12.41
2013-10-25 -23.22 -18.84 9.81 -12.27
2013-10-28 -22.72 -18.85 9.81 -11.85
2013-10-30 -17.64 -18.86 9.81 -11.55
2013-10-31 -17.49 -18.87 9.81 -11.39
2013-11-01 -10.78 -18.88 9.81 -11.23
2013-11-02 -21.29 -18.89 9.81 -11.07
2013-11-03 -22.95 -18.91 9.81 -10.91
2013-11-04 -24.84 -18.92 9.81 -10.74
2013-11-05 -15.60 -18.93 9.81 -10.57
2013-11-06 -19.73 -18.94 9.81 -10.39
2013-11-07 -20.61 -18.95 9.81 -10.22
2013-11-08 -20.67 -18.96 9.81 -10.04
2013-11-09 -18.61 -18.97 9.81 -9.86
2013-11-10 -16.64 -18.98 9.81 -9.67
2013-11-11 -14.78 -18.99 9.81 -9.49
2013-11-12 -11.98 -19.00 9.81 -9.30
2013-11-13 -13.96 -19.01 9.81 -9.11
2013-11-14 -20.02 -19.03 9.81 -8.92
2013-11-15 -17.60 -19.04 9.81 -8.73
2013-11-16 -15.09 -19.05 9.81 -8.54
2013-11-17 -16.19 -19.06 9.81 -8.34
2013-11-18 -19.41 -19.07 9.81 -8.15
2013-11-19 -16.84 -19.08 9.81 -7.95
2013-11-20 -20.11 -19.09 9.81 -7.75
2013-11-21 -22.46 -19.10 9.81 -7.56
2013-11-22 -17.24 -19.11 9.81 -7.36
2013-11-23 -19.59 -19.12 9.81 -7.16
2013-11-24 -15.39 -19.13 9.81 -6.96
2013-11-25 -19.36 -19.15 9.81 -6.76
2013-11-26 -16.26 -19.16 9.81 -6.56
2013-11-27 -19.02 -19.17 9.81 -6.37
2013-11-28 -13.08 -19.18 9.81 -6.17
2013-11-29 -13.10 -19.19 9.81 -5.97
2013-11-30 -17.85 -19.20 9.81 -5.77
2013-12-01 -17.06 -19.21 9.81 -5.57
2013-12-02 -14.65 -19.22 9.81 -5.38
2013-12-03 -16.28 -19.23 9.81 -5.18
2013-12-04 -11.77 -19.24 9.81 -4.99
2013-12-05 -15.65 -19.25 9.81 -4.79
2013-12-06 -13.46 -19.27 9.81 -4.60
2013-12-07 -16.15 -19.28 9.81 -4.41
2013-12-08 -10.94 -19.29 9.81 -4.22
2013-12-09 -6.41 -19.30 9.81 -4.03
2013-12-10 -7.72 -19.31 9.81 -3.84
2013-12-11 -11.01 -19.32 9.81 -3.65
2013-12-12 -6.23 -19.33 9.81 -3.47
2013-12-13 -10.54 -19.34 9.81 -3.29
2013-12-14 -10.76 -19.35 9.81 -3.10
2013-12-15 -11.88 -19.36 9.81 -2.92
2013-12-16 -16.88 -19.37 9.81 -2.75
2013-12-17 -12.63 -19.39 9.81 -2.57
2013-12-18 -15.59 -19.40 9.81 -2.39
2013-12-19 -10.21 -19.41 9.81 -2.22
2013-12-20 -13.96 -19.42 9.81 -2.05
2013-12-21 -13.91 -19.43 9.81 -1.88
2013-12-22 -10.45 -19.44 9.81 -1.72
2013-12-23 -16.78 -19.45 9.81 -1.55
2013-12-24 -14.75 -19.46 9.81 -1.39
2013-12-25 -13.82 -19.47 9.81 -1.23
2013-12-26 -12.02 -19.48 9.81 -1.07
2013-12-27 -8.74 -19.49 9.81 -0.92
2013-12-28 -5.47 -19.51 9.81 -0.76
2013-12-29 -12.99 -19.52 9.81 -0.61
2013-12-30 -6.65 -19.53 9.81 -0.46
2013-12-31 -4.72 -19.54 9.81 -0.32
2014-01-01 -12.09 -19.55 9.81 -0.17
2014-01-02 -10.38 -19.56 9.81 -0.03
2014-01-03 -8.19 -19.57 9.81 0.11
2014-01-04 -7.27 -19.58 9.81 0.25
2014-01-05 -7.32 -19.59 9.81 0.38
2014-01-06 -11.76 -19.60 9.81 0.52
2014-01-07 -7.42 -19.61 9.81 0.65
2014-01-08 -7.43 -19.63 9.81 0.78
2014-01-09 -11.93 -19.64 9.81 0.91
2014-01-10 -9.78 -19.65 9.81 1.03
2014-01-11 -10.02 -19.66 9.81 1.15
2014-01-12 -11.71 -19.67 9.81 1.27
2014-01-13 -13.92 -19.68 9.81 1.39
2014-01-14 -12.31 -19.69 9.81 1.51
2014-01-15 -14.03 -19.70 9.81 1.62
2014-01-16 -14.05 -19.71 9.81 1.74
2014-01-17 -11.40 -19.72 9.81 1.85
2014-01-18 -18.50 -19.74 9.81 1.95
2014-01-19 -15.24 -19.75 9.81 2.06
2014-01-20 -10.03 -19.70 9.81 2.17
2014-01-21 -12.36 -19.65 9.81 2.27
2014-01-22 -12.69 -19.60 9.81 2.37
2014-01-23 -11.11 -19.55 9.81 2.47
2014-01-24 -8.84 -19.50 9.81 2.57
2014-01-25 -6.93 -19.45 9.81 2.67
2014-01-26 -6.00 -19.40 9.81 2.77
2014-01-27 -12.50 -19.36 9.81 2.86
2014-01-28 -8.96 -19.31 9.81 2.95
2014-01-29 -10.22 -19.26 9.81 3.04
2014-01-30 -8.36 -19.21 9.81 3.14
2014-01-31 -6.60 -19.16 9.81 3.23
2014-02-01 -5.64 -19.11 9.81 3.31
2014-02-02 -7.31 -19.06 9.81 3.40
2014-02-03 -3.74 -19.01 9.81 3.49
2014-02-04 0.03 -18.97 9.81 3.57
2014-02-05 -0.59 -18.92 9.81 3.66
2014-02-06 7.07 -18.87 9.81 3.74
2014-02-07 0.84 -18.82 9.81 3.83
2014-02-08 -1.84 -18.77 9.81 3.91
2014-02-09 1.90 -18.72 9.81 3.99
2014-02-10 0.77 -18.67 9.81 4.07
2014-02-11 -1.25 -18.62 9.81 4.16
2014-02-12 -3.88 -18.57 9.81 4.24
2014-02-13 -8.03 -18.53 9.81 4.32
2014-02-14 -8.99 -18.48 9.81 4.40
2014-02-15 -7.45 -18.43 9.81 4.48
2014-02-16 -1.02 -18.38 9.81 4.56
2014-02-17 -9.10 -18.33 9.81 4.64
2014-02-18 -13.73 -18.28 9.81 4.72
2014-02-19 -10.39 -18.23 9.81 4.80
2014-02-20 -6.14 -18.18 9.81 4.88
2014-02-21 -1.45 -18.14 9.81 4.96
2014-02-22 -3.07 -18.09 9.81 5.04
2014-02-23 -5.90 -18.04 9.81 5.12
2014-02-24 -10.05 -17.99 9.81 5.20
2014-02-25 -9.91 -17.94 9.81 5.28
2014-02-26 -5.97 -17.89 9.81 5.36
2014-02-27 -9.00 -17.84 9.81 5.45
2014-02-28 -6.35 -17.79 9.81 5.53
2014-03-01 -6.34 -17.75 9.81 5.61
2014-03-02 -3.55 -17.70 9.81 5.69
2014-03-03 -5.87 -17.65 9.81 5.78
2014-03-04 -6.12 -17.60 9.81 5.86
2014-03-05 -0.24 -17.55 9.81 5.95
2014-03-06 -7.67 -17.50 9.81 6.03
2014-03-07 -8.20 -17.45 9.81 6.12
2014-03-08 -6.04 -17.40 9.81 6.21
2014-03-09 48.40 -17.35 30.02 6.29
2014-03-10 51.50 -17.31 30.02 6.38
2014-03-11 60.76 -17.26 30.02 6.47
2014-03-12 16.72 -17.21 30.02 6.56
2014-03-13 17.32 -17.16 30.02 6.65
2014-03-14 12.87 -17.11 30.02 6.74
2014-03-15 23.17 -17.06 30.02 6.83
2014-03-16 7.92 -17.01 30.02 6.92
2014-03-17 22.68 -16.96 30.02 7.01
2014-03-18 11.51 -16.92 30.02 7.10
2014-03-19 22.07 -16.87 30.02 7.20
2014-03-20 18.66 -16.82 30.02 7.29
2014-03-21 19.95 -16.77 30.02 7.39
2014-03-22 16.73 -16.72 30.02 7.48
2014-03-23 14.20 -16.67 30.02 7.57
2014-03-24 19.63 -16.62 30.02 7.67
2014-03-25 7.38 -16.57 30.02 7.77
2014-03-26 17.20 -16.52 30.02 7.86
2014-03-27 19.30 -16.48 30.02 7.96
2014-03-28 22.17 -16.43 30.02 8.06
2014-03-29 29.83 -16.38 30.02 8.15
2014-03-30 22.65 -16.33 30.02 8.25
2014-03-31 23.49 -16.28 30.02 8.35
2014-04-01 17.76 -16.23 30.02 8.44
2014-04-02 27.05 -16.18 30.02 8.54
2014-04-03 14.41 -16.13 30.02 8.64
2014-04-04 25.99 -16.09 30.02 8.73
2014-04-05 19.50 -16.04 30.02 8.83
2014-04-06 18.90 -15.99 30.02 8.92
2014-04-07 16.86 -15.94 30.02 9.02
2014-04-08 16.21 -15.89 30.02 9.12
2014-04-10 22.02 -15.84 30.02 9.30
2014-04-11 32.95 -15.79 30.02 9.40
2014-04-12 19.44 -15.74 30.02 9.49
2014-04-13 18.66 -15.70 30.02 9.58
2014-04-14 28.14 -15.65 30.02 9.67
2014-04-15 33.08 -15.60 30.02 9.76
2014-04-16 25.91 -15.55 30.02 9.85
2014-04-17 24.78 -15.50 30.02 9.93
2014-04-18 20.75 -15.45 30.02 10.02
2014-04-19 22.06 -15.40 30.02 10.10
2014-04-20 19.26 -15.35 30.02 10.19
2014-04-21 27.72 -15.30 30.02 10.27
2014-04-22 13.54 -15.26 30.02 10.34
2014-04-23 34.66 -15.21 30.02 10.42
2014-04-24 23.78 -15.16 30.02 10.50
2014-04-25 17.52 -15.11 30.02 10.57
2014-04-26 23.69 -15.06 30.02 10.64
2014-04-27 28.44 -15.01 30.02 10.71
2014-04-28 37.63 -14.96 30.02 10.77
2014-04-29 35.34 -14.91 30.02 10.84
2014-04-30 25.39 -14.87 30.02 10.90
2014-05-01 31.73 -14.82 30.02 10.96
2014-05-02 21.08 -14.77 30.02 11.01
2014-05-03 20.71 -14.72 30.02 11.06
2014-05-04 18.78 -14.67 30.02 11.11
2014-05-05 31.14 -14.62 30.02 11.16
2014-05-06 23.66 -14.57 30.02 11.20
2014-05-07 18.63 -14.52 30.02 11.24
2014-05-08 27.68 -14.48 30.02 11.28
2014-05-09 24.58 -14.43 30.02 11.31
2014-05-10 37.91 -14.38 30.02 11.34
2014-05-11 24.32 -14.33 30.02 11.36
2014-05-12 25.15 -14.28 30.02 11.38
2014-05-13 24.87 -14.23 30.02 11.40
2014-05-14 22.33 -14.18 30.02 11.41
2014-05-15 28.16 -14.13 30.02 11.42
2014-05-16 31.82 -14.08 30.02 11.43
2014-05-17 24.85 -14.04 30.02 11.43
2014-05-18 32.35 -13.99 30.02 11.42
2014-05-19 34.09 -13.94 30.02 11.41
2014-05-20 28.93 -13.89 30.02 11.40
2014-05-21 44.64 -13.84 30.02 11.38
2014-05-22 32.00 -13.79 30.02 11.36
2014-05-23 19.46 -13.74 30.02 11.34
2014-05-24 19.61 -13.69 30.02 11.30
2014-05-25 33.93 -13.65 30.02 11.27
2014-05-26 43.36 -13.60 30.02 11.23
2014-05-27 35.98 -13.55 30.02 11.18
2014-05-28 35.22 -13.50 30.02 11.13
2014-05-29 37.78 -13.50 30.02 11.07
2014-05-30 28.03 -13.51 30.02 11.01
2014-05-31 29.76 -13.51 30.02 10.94
2014-06-01 31.23 -13.52 30.02 10.87
2014-06-02 32.75 -13.53 30.02 10.79
2014-06-03 25.67 -13.53 30.02 10.71
2014-06-04 31.81 -13.54 30.02 10.62
2014-06-05 39.58 -13.55 30.02 10.53
2014-06-06 26.87 -13.55 30.02 10.43
2014-06-07 31.53 -13.56 30.02 10.32
2014-06-08 28.30 -13.57 30.02 10.21
2014-06-09 28.99 -13.57 30.02 10.10
2014-06-10 42.50 -13.58 30.02 9.98
2014-06-11 43.26 -13.58 30.02 9.85
2014-06-12 20.88 -13.59 27.18 9.72
2014-06-13 24.15 -13.60 27.18 9.58
2014-06-14 22.13 -13.60 27.18 9.44
2014-06-15 21.84 -13.61 27.18 9.29
2014-06-16 19.71 -13.62 27.18 9.14
2014-06-17 18.74 -13.62 27.18 8.98
2014-06-18 19.74 -13.63 27.18 8.82
2014-06-19 24.49 -13.64 27.18 8.65
2014-06-20 23.58 -13.64 27.18 8.48
2014-06-21 20.88 -13.65 27.18 8.30
2014-06-22 21.54 -13.66 27.18 8.11
2014-06-23 17.24 -13.66 27.18 7.92
2014-06-24 24.09 -13.67 27.18 7.73
2014-06-25 12.91 -13.68 27.18 7.53
2014-06-26 19.07 -13.68 27.18 7.33
2014-06-27 15.25 -13.69 27.18 7.12
2014-06-28 16.56 -13.70 27.18 6.90
2014-06-29 17.63 -13.70 27.18 6.69
2014-06-30 21.88 -13.71 27.18 6.46
2014-07-01 27.94 -13.71 27.18 6.24
2014-07-02 21.40 -13.72 27.18 6.01
2014-07-03 21.71 -13.73 27.18 5.77
2014-07-04 13.01 -13.73 27.18 5.53
2014-07-05 8.66 -13.74 27.18 5.29
2014-07-06 15.75 -13.75 27.18 5.04
2014-07-07 27.04 -13.75 27.18 4.79
2014-07-08 23.21 -13.76 27.18 4.53
2014-07-09 28.92 -13.77 27.18 4.27
2014-07-10 14.07 -13.77 27.18 4.01
2014-07-11 32.31 -13.78 27.18 3.74
2014-07-13 -17.37 -13.79 25.22 3.20
2014-07-14 16.76 -13.79 25.22 2.93
2014-07-15 14.58 -13.80 25.22 2.65
2014-07-16 10.81 -13.81 25.22 2.37
2014-07-17 14.08 -13.81 25.22 2.09
2014-07-18 19.98 -13.82 25.22 1.80
2014-07-19 27.79 -13.83 25.22 1.51
2014-07-20 5.60 -13.83 25.22 1.23
2014-07-21 3.96 -13.84 25.22 0.93
2014-07-22 2.66 -13.85 25.22 0.64
2014-07-23 1.42 -13.85 25.22 0.35
2014-07-24 11.41 -13.86 25.22 0.05
2014-07-31 10.17 -13.86 25.22 -2.04
2014-08-01 17.23 -13.87 25.22 -2.35
2014-08-02 10.14 -13.88 25.22 -2.65
2014-08-03 4.06 -13.88 25.22 -2.95
2014-08-04 2.32 -13.89 25.22 -3.25
2014-08-05 5.58 -13.90 25.22 -3.55
2014-08-06 10.93 -13.90 25.22 -3.84
2014-08-08 12.32 -13.91 25.22 -4.44
2014-08-12 1.02 -13.92 25.22 -5.60
2014-08-13 -3.23 -13.92 25.22 -5.89
2014-08-14 -6.27 -13.93 25.22 -6.18
2014-08-15 -6.80 -13.94 25.22 -6.46
2014-08-16 -9.54 -13.94 25.22 -6.74
2014-08-17 -8.33 -13.95 25.22 -7.01
2014-08-18 -4.26 -13.96 25.22 -7.29
2014-08-19 -8.34 -13.96 25.22 -7.56
2014-08-20 -3.33 -13.97 25.22 -7.83
2014-08-21 1.35 -13.98 25.22 -8.09
2014-08-22 -2.77 -13.98 25.22 -8.35
2014-08-23 8.23 -13.99 25.22 -8.61
2014-08-24 -1.50 -13.99 25.22 -8.86
2014-08-25 -4.06 -14.00 25.22 -9.11
2014-08-26 -4.99 -14.01 25.22 -9.35
2014-08-27 1.66 -14.01 25.22 -9.60
2014-08-28 1.86 -14.02 25.22 -9.83
2014-08-29 -2.24 -14.03 25.22 -10.06
2014-08-30 -5.71 -14.03 25.22 -10.29
2014-08-31 -3.46 -14.04 25.22 -10.51
2014-09-01 9.61 -14.05 27.28 -10.73
2014-09-02 -3.85 -14.05 27.28 -10.94
2014-09-03 3.22 -14.06 27.28 -11.14
2014-09-04 0.01 -14.07 27.28 -11.34
2014-09-05 11.27 -14.07 27.28 -11.54
2014-09-06 1.19 -14.08 27.28 -11.73
2014-09-07 3.95 -14.09 27.28 -11.91
2014-09-08 -11.11 -14.09 27.28 -12.09
2014-09-09 5.29 -14.10 27.87 -12.26
2014-09-10 -0.84 -14.11 27.87 -12.43
2014-09-11 5.38 -14.11 27.87 -12.59
2014-09-12 -2.00 -14.12 27.87 -12.74
2014-09-13 -1.96 -14.12 27.87 -12.89
2014-09-14 10.37 -14.13 28.09 -13.03
2014-09-15 3.03 -14.14 28.09 -13.17
2014-09-16 22.93 -14.14 28.09 -13.29
2014-09-17 0.27 -14.15 28.09 -13.42
2014-09-18 -2.32 -14.16 28.09 -13.53
2014-09-19 1.49 -14.16 28.09 -13.64
2014-09-20 4.41 -14.17 28.09 -13.74
2014-09-21 1.72 -14.18 28.09 -13.84
2014-09-22 -1.95 -14.18 28.09 -13.92
2014-09-23 6.95 -14.19 28.09 -14.01
2014-09-24 -3.62 -14.20 28.09 -14.08
2014-09-25 1.58 -14.20 28.09 -14.15
2014-09-26 -0.62 -14.21 28.09 -14.21
2014-09-27 -8.84 -14.22 28.09 -14.27
2014-09-28 -4.71 -14.22 28.09 -14.31
2014-09-29 -2.85 -14.23 28.09 -14.35
2014-09-30 -0.18 -14.24 28.09 -14.39
2014-10-01 4.35 -14.24 28.09 -14.41
2014-10-02 19.27 -14.25 28.09 -14.44
2014-10-03 -1.84 -14.25 28.09 -14.45
2014-10-04 -5.56 -14.26 28.09 -14.46
2014-10-05 -5.19 -14.27 28.09 -14.46
2014-10-06 -5.92 -14.27 28.09 -14.45
2014-10-07 -2.65 -14.28 28.09 -14.44
2014-10-08 -2.36 -14.29 28.09 -14.42
2014-10-09 -1.12 -14.29 28.09 -14.39
2014-10-10 3.21 -14.30 28.09 -14.36
2014-10-11 6.35 -14.31 28.09 -14.32
2014-10-12 8.65 -14.31 28.09 -14.27
2014-10-13 -2.14 -14.32 28.09 -14.22
2014-10-14 -3.89 -14.33 28.09 -14.16
2014-10-15 -4.00 -14.33 28.09 -14.09
2014-10-16 -0.53 -14.34 28.09 -14.02
2014-10-17 2.33 -14.35 28.09 -13.95
2014-10-18 15.37 -14.35 28.09 -13.86
2014-10-19 10.96 -14.36 28.09 -13.78
2014-10-20 0.18 -14.37 28.09 -13.68
2014-10-21 -0.38 -14.37 28.09 -13.58
2014-10-22 3.29 -14.38 28.09 -13.48
2014-10-23 0.37 -14.39 28.09 -13.37
2014-10-24 -3.42 -14.39 28.09 -13.25
2014-10-25 2.06 -14.40 28.09 -13.13
2014-10-26 13.25 -14.40 28.09 -13.00
2014-10-27 10.35 -14.49 28.09 -12.87
2014-10-28 4.48 -14.57 28.09 -12.73
2014-10-29 0.20 -14.65 28.09 -12.59
2014-10-30 -2.61 -14.73 28.09 -12.45
2014-10-31 4.72 -14.82 28.09 -12.30
2014-11-01 -2.29 -14.90 28.09 -12.14
2014-11-02 -0.84 -14.98 28.09 -11.98
2014-11-03 11.51 -15.06 28.09 -11.82
2014-11-04 -0.38 -15.15 28.09 -11.65
2014-11-05 6.53 -15.23 28.09 -11.48
2014-11-06 -1.85 -15.31 28.09 -11.31
2014-11-07 -2.20 -15.39 28.09 -11.13
2014-11-08 -3.78 -15.48 28.09 -10.95
2014-11-09 0.20 -15.56 28.09 -10.76
2014-11-10 3.33 -15.64 28.09 -10.57
2014-11-11 2.55 -15.72 28.09 -10.38
2014-11-12 4.87 -15.80 28.09 -10.19
2014-11-13 4.16 -15.89 28.09 -9.99
2014-11-14 1.33 -15.97 28.09 -9.79
2014-11-15 6.79 -16.05 28.09 -9.59
2014-11-16 5.47 -16.13 28.09 -9.39
2014-11-17 5.30 -16.22 28.09 -9.18
2014-11-19 10.10 -16.30 28.09 -8.77
2014-11-20 14.07 -16.38 28.09 -8.55
2014-11-21 5.52 -16.46 28.09 -8.34
2014-11-22 8.29 -16.55 28.09 -8.13
2014-11-23 -1.55 -16.63 28.09 -7.91
2014-11-24 -3.84 -16.71 28.09 -7.70
2014-11-25 3.86 -16.79 28.09 -7.48
2014-11-27 11.23 -16.88 28.09 -7.04
2014-11-28 8.71 -16.96 28.09 -6.82
2014-11-29 8.20 -17.04 28.09 -6.60
2014-12-01 1.61 -17.12 28.09 -6.16
2014-12-02 4.52 -17.21 28.09 -5.94
2014-12-03 9.27 -17.29 28.09 -5.72
2014-12-04 11.77 -17.37 28.09 -5.50
2014-12-05 12.95 -17.45 28.09 -5.28
2014-12-06 3.60 -17.53 28.09 -5.07
2014-12-07 14.25 -17.62 28.09 -4.85
2014-12-08 4.61 -17.70 28.09 -4.63
2014-12-09 9.52 -17.78 28.09 -4.41
2014-12-10 5.55 -17.86 28.09 -4.20
2014-12-11 6.44 -17.95 28.09 -3.98
2014-12-12 3.25 -18.03 28.09 -3.77
2014-12-13 11.82 -18.11 28.09 -3.56
2014-12-14 3.56 -18.19 27.12 -3.35
2014-12-15 7.51 -18.28 27.12 -3.14
2014-12-16 1.99 -18.36 27.12 -2.93
2014-12-17 2.55 -18.44 27.12 -2.73
2014-12-19 5.82 -18.52 27.12 -2.32
2014-12-20 4.07 -18.61 27.12 -2.12
2014-12-21 6.08 -18.69 27.12 -1.92
2014-12-22 5.60 -18.77 27.12 -1.72
2014-12-23 3.98 -18.85 27.12 -1.53
2014-12-24 7.96 -18.94 27.12 -1.34
2014-12-25 3.99 -19.02 27.12 -1.15
2014-12-26 3.13 -19.10 27.12 -0.96
2014-12-27 7.22 -19.18 27.12 -0.78
2014-12-28 14.94 -19.26 27.12 -0.59
2014-12-29 12.35 -19.35 27.12 -0.41
2014-12-30 12.67 -19.43 27.12 -0.24
2014-12-31 9.84 -19.51 27.12 -0.06
2015-01-01 4.88 -19.59 25.88 0.11
2015-01-02 -10.10 -19.68 25.88 0.28
2015-01-03 10.40 -19.76 25.88 0.45
2015-01-04 10.60 -19.84 25.88 0.61
2015-01-05 17.05 -19.92 25.88 0.78
2015-01-06 5.04 -20.01 24.11 0.94
2015-01-07 3.24 -20.09 23.07 1.09
2015-01-09 5.12 -20.17 23.07 1.40
2015-01-10 -22.10 -20.25 20.15 1.55
2015-01-11 9.23 -20.34 20.15 1.69
2015-01-12 -1.33 -20.42 20.15 1.83
2015-01-13 -1.00 -20.50 20.15 1.97
2015-01-14 1.09 -20.58 20.15 2.11
2015-01-15 -2.18 -20.67 20.15 2.25
2015-01-16 -18.48 -20.75 20.15 2.38
2015-01-17 1.43 -20.83 20.15 2.51
2015-01-18 1.12 -20.91 20.15 2.63
2015-01-19 0.69 -20.99 20.15 2.76
2015-01-20 -21.66 -21.08 20.15 2.88
2015-01-21 -5.83 -21.16 20.15 3.00
2015-01-22 -3.35 -21.24 20.15 3.12
2015-01-23 0.49 -21.20 20.15 3.23
2015-01-24 -0.65 -21.16 20.15 3.34
2015-01-25 4.19 -21.12 20.15 3.45
2015-01-26 4.59 -21.08 20.15 3.56
2015-01-27 3.55 -21.03 20.15 3.66
2015-01-28 3.01 -20.99 20.15 3.77
2015-01-29 -1.78 -20.95 20.15 3.87
2015-01-30 -1.15 -20.91 20.15 3.96
2015-01-31 -0.46 -20.87 20.15 4.06
2015-02-01 7.38 -20.83 20.15 4.15
2015-02-02 7.54 -20.79 20.15 4.24
2015-02-03 -0.41 -20.74 20.15 4.33
2015-02-04 -2.64 -20.70 20.15 4.42
2015-02-05 2.06 -20.66 20.15 4.51
2015-02-06 2.27 -20.62 20.15 4.59
2015-02-07 0.57 -20.58 20.15 4.68
2015-02-08 0.09 -20.54 20.15 4.76
2015-02-09 0.58 -20.50 20.15 4.84
2015-02-10 -2.36 -20.46 20.15 4.92
2015-02-11 -0.02 -20.41 20.15 4.99
2015-02-12 8.28 -20.37 20.15 5.07
2015-02-13 4.88 -20.33 20.15 5.14
2015-02-14 5.37 -20.29 20.15 5.21
2015-02-15 -0.08 -20.25 20.15 5.29
2015-02-16 12.41 -20.21 20.15 5.36
2015-02-17 7.32 -20.17 20.15 5.43
2015-02-18 4.70 -20.12 20.15 5.49
2015-02-19 6.94 -20.08 20.15 5.56
2015-02-20 5.53 -20.04 20.15 5.63
2015-02-21 -24.52 -20.00 20.15 5.70
2015-02-22 3.72 -19.96 20.15 5.76
2015-02-23 0.69 -19.92 20.15 5.83
2015-02-24 6.76 -19.88 20.15 5.89
2015-02-25 4.69 -19.84 20.15 5.95
2015-02-26 11.52 -19.79 22.47 6.02
2015-02-27 10.73 -19.75 22.47 6.08
2015-02-28 6.99 -19.71 22.47 6.14
2015-03-01 11.82 -19.67 22.47 6.20
2015-03-02 14.97 -19.63 22.47 6.27
2015-03-03 13.76 -19.59 22.47 6.33
2015-03-04 15.51 -19.55 22.47 6.39
2015-03-05 8.54 -19.50 22.47 6.45
2015-03-06 15.25 -19.46 22.47 6.51
2015-03-07 13.86 -19.42 22.47 6.57
2015-03-08 7.33 -19.38 22.47 6.64
2015-03-09 8.91 -19.34 22.47 6.70
2015-03-10 7.90 -19.30 22.47 6.76
2015-03-11 11.58 -19.26 22.47 6.82
2015-03-12 9.89 -19.22 22.47 6.88
2015-03-13 8.99 -19.17 22.47 6.95
2015-03-14 3.93 -19.13 22.47 7.01
2015-03-15 11.74 -19.09 22.47 7.07
2015-03-16 3.27 -19.05 22.47 7.14
2015-03-17 12.10 -19.01 22.47 7.20
2015-03-18 10.72 -18.97 22.47 7.26
2015-03-19 15.36 -18.93 22.47 7.33
2015-03-20 9.56 -18.88 22.47 7.39
2015-03-21 8.79 -18.84 22.47 7.46
2015-03-22 2.03 -18.80 22.47 7.52
2015-03-23 22.79 -18.76 22.47 7.59
2015-03-24 16.50 -18.72 22.47 7.65
2015-03-25 15.02 -18.68 22.47 7.72
2015-03-26 15.51 -18.64 22.47 7.79
2015-03-27 11.20 -18.59 22.47 7.85
2015-03-28 21.49 -18.55 22.47 7.92
2015-03-29 10.60 -18.51 22.47 7.99
2015-03-30 13.75 -18.47 22.47 8.06
2015-03-31 13.64 -18.43 22.47 8.13
2015-04-01 11.87 -18.39 22.47 8.19
2015-04-02 22.28 -18.35 22.47 8.26
2015-04-03 16.73 -18.31 22.47 8.33
2015-04-04 23.58 -18.26 22.47 8.40
2015-04-05 23.72 -18.22 22.47 8.47
2015-04-06 13.49 -18.18 22.47 8.54
2015-04-08 17.04 -18.14 22.47 8.68
2015-04-09 15.41 -18.10 22.47 8.75
2015-04-10 16.57 -18.06 22.47 8.81
2015-04-11 11.54 -18.02 22.47 8.88
2015-04-12 7.19 -17.97 22.47 8.95
2015-04-13 4.97 -17.93 22.47 9.02
2015-04-14 9.35 -17.89 22.47 9.09
2015-04-15 12.75 -17.85 22.47 9.15
2015-04-16 18.37 -17.81 22.47 9.22
2015-04-17 15.64 -17.77 22.47 9.29
2015-04-18 28.92 -17.73 22.47 9.35
2015-04-19 23.23 -17.69 22.47 9.42
2015-04-20 14.96 -17.64 22.47 9.48
2015-04-21 15.59 -17.60 22.47 9.55
2015-04-22 18.23 -17.56 22.47 9.61
2015-04-23 24.75 -17.52 22.47 9.67
2015-04-24 12.78 -17.48 22.47 9.73
2015-04-25 13.27 -17.44 22.47 9.79
2015-04-26 22.13 -17.40 22.47 9.84
2015-04-27 5.24 -17.35 22.47 9.90
2015-04-28 12.72 -17.31 22.47 9.95
2015-04-29 21.47 -17.27 22.47 10.01
2015-04-30 19.74 -17.23 22.47 10.06
2015-05-01 15.99 -17.19 22.47 10.11
2015-05-02 -9.39 -17.15 22.47 10.16
2015-05-03 12.26 -17.11 22.47 10.20
2015-05-04 19.66 -17.07 22.47 10.25
2015-05-05 15.12 -17.02 22.47 10.29
2015-05-06 19.31 -16.98 22.47 10.33
2015-05-07 23.09 -16.94 22.47 10.36
2015-05-08 13.13 -16.90 22.47 10.40
2015-05-09 17.01 -16.86 22.47 10.43
2015-05-10 16.68 -16.82 22.47 10.46
2015-05-11 11.71 -16.78 22.47 10.48
2015-05-12 20.94 -16.73 22.47 10.51
2015-05-13 27.66 -16.69 22.47 10.53
2015-05-14 34.48 -16.65 22.47 10.55
2015-05-15 12.54 -16.61 22.47 10.56
2015-05-16 15.70 -16.57 22.47 10.57
2015-05-17 20.15 -16.53 22.47 10.58
2015-05-18 12.42 -16.49 22.47 10.59
2015-05-19 19.19 -16.45 22.47 10.59
2015-05-20 19.17 -16.40 22.47 10.58
2015-05-21 16.97 -16.36 22.47 10.58
2015-05-22 19.08 -16.32 22.47 10.57
2015-05-23 28.11 -16.28 22.47 10.55
2015-05-24 26.79 -16.24 22.47 10.54
2015-05-25 19.40 -16.20 22.47 10.52
2015-05-26 21.38 -16.16 22.47 10.49
2015-05-27 14.53 -16.11 20.18 10.46
2015-05-28 8.13 -16.07 19.67 10.43
2015-05-29 -4.19 -16.03 19.67 10.39
2015-05-30 23.08 -15.99 19.67 10.34
2015-05-31 13.31 -15.95 19.67 10.30
2015-06-01 14.52 -15.91 19.67 10.25
2015-06-02 12.72 -15.87 19.67 10.19
2015-06-03 13.41 -15.83 19.67 10.13
2015-06-04 24.00 -15.78 19.67 10.06
2015-06-15 5.00 -15.74 19.67 9.03
2015-06-16 8.50 -15.70 19.67 8.90
2015-06-17 0.39 -15.66 19.67 8.77
2015-06-18 9.82 -15.62 19.67 8.64
2015-06-19 13.38 -15.58 19.67 8.50
2015-06-20 8.36 -15.54 19.67 8.36
2015-06-21 12.31 -15.49 19.67 8.21
2015-06-22 5.23 -15.45 19.67 8.05
2015-06-23 8.07 -15.41 19.67 7.90
2015-06-24 15.05 -15.37 19.67 7.73
2015-06-25 13.48 -15.33 19.67 7.56
2015-06-26 5.35 -15.29 19.67 7.39
2015-06-27 4.40 -15.25 19.67 7.21
2015-06-28 11.06 -15.21 19.67 7.03
2015-06-29 7.27 -15.16 19.67 6.84
2015-06-30 9.47 -15.12 19.67 6.65
2015-07-01 7.13 -15.08 19.67 6.45
2015-07-02 12.23 -15.04 19.67 6.25
2015-07-03 9.74 -15.00 19.67 6.04
2015-07-04 15.32 -14.96 19.67 5.83
2015-07-05 16.98 -14.92 19.67 5.62
2015-07-06 7.09 -14.87 19.67 5.40
2015-07-08 10.66 -14.83 19.67 4.95
2015-07-09 16.93 -14.79 19.67 4.72
2015-07-10 21.61 -14.75 19.67 4.48
2015-07-11 9.18 -14.71 19.67 4.24
2015-07-12 20.87 -14.67 19.67 4.00
2015-07-14 10.49 -14.63 19.67 3.50
2015-07-15 14.89 -14.59 19.67 3.25
2015-07-16 5.83 -14.54 19.67 2.99
2015-07-17 24.42 -14.50 19.67 2.73
2015-07-18 12.53 -14.46 19.67 2.47
2015-07-19 3.74 -14.42 16.41 2.20
2015-07-21 -23.25 -14.38 16.41 1.66
2015-07-22 -22.26 -14.34 16.41 1.39
2015-07-23 -24.07 -14.30 16.41 1.11
2015-07-24 1.84 -14.25 16.41 0.84
2015-07-25 0.35 -14.21 16.41 0.56
2015-07-26 0.83 -14.17 16.41 0.27
2015-07-28 -4.53 -14.13 16.41 -0.30
2015-07-29 -4.50 -14.09 16.41 -0.58
2015-07-30 -2.96 -14.05 16.41 -0.87
2015-07-31 -2.23 -14.01 16.41 -1.16
2015-08-01 -4.78 -13.97 16.41 -1.45
2015-08-02 -1.30 -13.92 16.41 -1.74
2015-08-03 -5.62 -13.88 16.41 -2.03
2015-08-04 4.30 -13.84 16.41 -2.33
2015-08-06 4.79 -13.80 16.41 -2.91
2015-08-07 3.08 -13.76 16.41 -3.20
2015-08-08 2.86 -13.72 16.41 -3.50
2015-08-09 -6.11 -13.68 16.41 -3.79
2015-08-10 10.97 -13.63 16.41 -4.08
2015-08-11 -2.51 -13.59 16.41 -4.37
2015-08-12 17.06 -13.55 16.41 -4.66
2015-08-13 -8.83 -13.51 16.41 -4.95
2015-08-14 -3.10 -13.47 16.41 -5.24
2015-08-15 -8.14 -13.43 16.41 -5.52
2015-08-16 -22.46 -13.39 16.41 -5.81
2015-08-17 -27.71 -13.35 16.41 -6.09
2015-08-18 -7.53 -13.30 16.41 -6.37
2015-08-19 -9.22 -13.26 16.41 -6.65
2015-08-20 -11.59 -13.22 16.41 -6.93
2015-08-21 -3.02 -13.18 16.41 -7.20
2015-08-22 3.83 -13.14 16.41 -7.47
2015-08-23 -0.47 -13.10 16.41 -7.74
2015-08-24 7.23 -13.06 16.41 -8.01
2015-08-25 3.22 -13.01 16.41 -8.27
2015-08-26 -0.33 -12.97 16.41 -8.53
2015-08-27 0.63 -12.93 16.41 -8.78
2015-08-28 -2.33 -12.89 16.41 -9.04
2015-08-29 -2.46 -12.85 16.41 -9.28
2015-08-30 -0.85 -12.81 16.41 -9.53
2015-08-31 -4.61 -12.77 16.41 -9.77
2015-09-01 -3.17 -12.73 16.41 -10.00
2015-09-02 -8.94 -12.68 16.41 -10.24
2015-09-03 -11.18 -12.64 16.41 -10.46
2015-09-04 -9.06 -12.60 16.41 -10.69
2015-09-05 -11.29 -12.56 16.41 -10.90
2015-09-06 -12.49 -12.52 16.41 -11.12
2015-09-07 -8.25 -12.48 16.41 -11.32
2015-09-08 -1.89 -12.44 16.41 -11.53
2015-09-09 -5.83 -12.39 16.41 -11.72
2015-09-10 -13.35 -12.35 16.41 -11.92
2015-09-11 -0.85 -12.31 16.41 -12.10
2015-09-12 -10.96 -12.27 16.41 -12.28
2015-09-13 -10.60 -12.23 16.41 -12.46
2015-09-14 -14.18 -12.19 16.41 -12.63
2015-09-15 -2.18 -12.15 16.41 -12.79
2015-09-16 -5.19 -12.11 16.41 -12.95
2015-09-17 -17.61 -12.06 16.41 -13.10
2015-09-18 -14.05 -12.02 16.41 -13.24
2015-09-19 -17.81 -11.98 16.41 -13.38
2015-09-20 -12.33 -11.94 16.41 -13.51
2015-09-21 -7.10 -11.90 16.41 -13.64
2015-09-22 -9.14 -11.86 16.41 -13.76
2015-09-23 -0.99 -11.82 16.41 -13.87
2015-09-24 3.66 -11.77 16.41 -13.98
2015-09-25 -3.06 -11.73 16.41 -14.08
2015-09-26 11.92 -11.69 16.41 -14.17
2015-09-27 -18.69 -11.65 16.41 -14.25
2015-09-28 -7.12 -11.61 16.41 -14.33
2015-09-29 -9.30 -11.57 16.41 -14.40
2015-09-30 -3.71 -11.53 16.41 -14.47
2015-10-01 8.08 -11.49 16.41 -14.53
2015-10-02 -12.25 -11.44 16.41 -14.58
2015-10-03 -5.05 -11.40 16.41 -14.62
2015-10-04 -7.04 -11.36 16.41 -14.66
2015-10-05 -12.07 -11.32 16.41 -14.69
2015-10-06 -14.81 -11.28 16.41 -14.71
2015-10-07 -15.01 -11.24 16.41 -14.73
2015-10-08 -4.02 -11.20 16.41 -14.74
2015-10-09 -4.52 -11.15 16.41 -14.74
2015-10-10 -16.13 -11.11 16.41 -14.73
2015-10-11 -16.46 -11.07 16.41 -14.72
2015-10-12 -17.83 -11.03 16.41 -14.70
2015-10-13 -19.73 -10.99 16.41 -14.68
2015-10-14 -19.82 -10.95 16.41 -14.65
2015-10-15 -13.52 -10.91 16.41 -14.61
2015-10-16 -11.88 -10.87 16.41 -14.56
2015-10-17 -11.50 -10.82 16.41 -14.51
2015-10-18 -1.34 -10.78 16.41 -14.45
2015-10-19 -14.10 -10.74 16.41 -14.39
2015-10-20 -2.94 -10.70 16.41 -14.32
2015-10-21 -2.50 -10.66 16.41 -14.24
2015-10-22 -6.76 -10.62 16.41 -14.15
2015-10-23 -6.49 -10.58 16.41 -14.06
2015-10-25 -10.80 -10.53 16.41 -13.86
2015-10-27 2.32 -10.49 16.41 -13.64
2015-10-28 -0.94 -10.45 16.41 -13.52
2015-10-29 -0.55 -10.41 16.41 -13.39
2015-10-30 -1.84 -10.37 16.41 -13.26
2015-10-31 -11.18 -10.33 16.41 -13.13
2015-11-01 -11.29 -10.29 16.41 -12.98
2015-11-02 -10.57 -10.25 16.41 -12.84
2015-11-03 -5.16 -10.20 16.41 -12.69
2015-11-04 -9.19 -10.16 16.41 -12.53
2015-11-05 -7.85 -10.12 16.41 -12.37
2015-11-06 -0.37 -10.08 16.41 -12.20
2015-11-07 -3.27 -10.04 16.41 -12.03
2015-11-08 -8.69 -10.00 16.41 -11.85
2015-11-09 1.23 -9.96 16.41 -11.67
2015-11-10 -1.63 -9.91 16.41 -11.49
2015-11-11 -3.16 -9.87 16.41 -11.30
2015-11-12 -2.98 -9.83 16.41 -11.11
2015-11-13 -9.75 -9.79 16.41 -10.91
2015-11-14 -4.28 -9.75 16.41 -10.71
2015-11-15 -6.35 -9.71 16.41 -10.51
2015-11-16 -2.89 -9.67 16.41 -10.31
2015-11-17 -5.59 -9.62 16.41 -10.10
2015-11-18 -3.45 -9.58 16.41 -9.88
2015-11-19 -3.49 -9.54 16.41 -9.67
2015-11-20 -6.91 -9.50 16.41 -9.45
2015-11-21 -7.09 -9.46 16.41 -9.23
2015-11-22 -4.75 -9.42 16.41 -9.01
2015-11-23 -1.55 -9.38 16.41 -8.79
2015-11-24 -1.64 -9.34 16.41 -8.56
2015-11-25 3.90 -9.29 16.41 -8.33
2015-11-26 0.38 -9.25 16.41 -8.10
2015-11-27 -3.67 -9.21 16.41 -7.87
2015-11-28 -3.59 -9.17 16.41 -7.64
2015-11-29 -6.14 -9.13 16.41 -7.40
2015-11-30 -1.37 -9.09 16.41 -7.17
2015-12-05 -4.28 -9.05 16.41 -5.98
2015-12-06 -5.43 -9.00 16.41 -5.74
2015-12-07 -0.98 -8.96 16.41 -5.50
2015-12-08 33.43 -8.92 16.41 -5.26
2015-12-09 -1.02 -8.88 16.41 -5.02
2015-12-10 -0.22 -8.84 16.41 -4.78
2015-12-12 7.04 -8.80 16.41 -4.30
2015-12-13 -1.76 -8.76 16.41 -4.07
2015-12-14 -0.32 -8.72 16.41 -3.83
2015-12-15 9.82 -8.67 16.41 -3.60
2015-12-16 7.34 -8.63 16.41 -3.36
2015-12-17 1.15 -8.59 16.41 -3.13
2015-12-18 1.96 -8.55 16.41 -2.90
2015-12-19 2.95 -8.51 16.41 -2.67
2015-12-20 -1.75 -8.47 16.41 -2.44
2015-12-21 -1.00 -8.43 16.41 -2.21
2015-12-22 -1.64 -8.38 16.41 -1.99
2015-12-23 4.18 -8.34 16.41 -1.76
2015-12-24 8.26 -8.30 16.41 -1.54
2015-12-25 4.89 -8.26 16.41 -1.32
2015-12-26 3.04 -8.22 16.41 -1.11
2015-12-27 5.12 -8.18 16.41 -0.89
2015-12-28 6.75 -8.14 16.41 -0.68
2015-12-29 29.54 -8.10 16.41 -0.47
2015-12-30 85.33 -8.05 16.41 -0.26
2015-12-31 37.19 -8.01 16.41 -0.06
2016-01-03 4.45 -7.97 15.08 0.54
2016-01-04 6.75 -7.93 15.08 0.74
2016-01-05 3.60 -7.89 15.08 0.93
2016-01-06 7.69 -7.85 15.08 1.12
2016-01-07 2.87 -7.81 15.08 1.30
2016-01-08 12.56 -7.76 15.08 1.49
2016-01-09 17.23 -7.72 15.08 1.67
2016-01-10 8.37 -7.68 15.08 1.84
2016-01-11 4.84 -7.64 15.08 2.02
2016-01-12 5.70 -7.60 15.08 2.19
2016-01-13 10.11 -7.56 15.08 2.35
2016-01-14 13.65 -7.52 15.08 2.52
2016-01-15 15.57 -7.48 15.08 2.68
2016-01-17 7.37 -7.43 15.08 2.99
2016-01-18 10.05 -7.39 15.08 3.14
2016-01-19 8.69 -7.35 15.08 3.29
2016-01-20 11.96 -7.31 15.08 3.43
2016-01-21 7.28 -7.27 15.08 3.57
2016-01-22 16.44 -7.23 15.08 3.71
2016-01-23 16.39 -7.19 15.08 3.85
2016-01-24 15.17 -7.14 15.08 3.98
2016-01-25 10.60 -7.10 15.08 4.11
2016-01-26 14.17 -7.06 15.08 4.23
2016-01-27 10.92 -7.02 14.81 4.35
2016-01-28 10.52 -6.98 14.81 4.47
2016-01-29 7.24 -6.94 14.81 4.59
2016-02-01 16.15 -6.90 14.81 4.92
2016-02-02 13.61 -6.86 14.81 5.02
2016-02-03 11.47 -6.81 14.81 5.12
2016-02-04 12.65 -6.77 14.81 5.22
2016-02-06 7.47 -6.73 14.81 5.41
2016-02-07 3.20 -6.69 14.81 5.50
2016-02-08 -2.17 -6.65 14.81 5.59
2016-02-09 5.37 -6.61 14.81 5.68
2016-02-10 15.90 -6.57 14.81 5.76
2016-02-11 21.88 -6.52 14.81 5.84
2016-02-12 13.09 -6.48 14.81 5.92
2016-02-13 8.50 -6.44 14.81 5.99
2016-02-20 10.56 -6.40 14.81 6.47
2016-02-21 10.08 -6.36 14.81 6.53
2016-02-22 15.60 -6.32 14.81 6.58
2016-02-23 17.79 -6.28 14.81 6.64
2016-02-24 21.72 -6.24 14.81 6.70
2016-02-25 0.50 -6.19 14.81 6.75
2016-02-27 0.69 -6.15 14.81 6.85
2016-02-28 8.20 -6.11 14.81 6.90
2016-02-29 8.75 -6.01 14.81 6.95
2016-03-01 7.45 -5.90 14.81 7.00
2016-03-02 9.46 -5.80 14.81 7.05
2016-03-03 11.94 -5.70 14.81 7.09
2016-03-04 12.04 -5.59 14.81 7.14
2016-03-05 11.08 -5.49 14.81 7.18
2016-03-06 11.09 -5.39 14.81 7.22
2016-03-07 14.44 -5.28 14.81 7.26
2016-03-08 25.72 -5.18 14.81 7.31
2016-03-09 17.08 -5.08 14.81 7.35
2016-03-10 21.32 -4.97 14.81 7.39
2016-03-11 28.08 -4.87 14.81 7.43
2016-03-12 10.32 -4.76 14.81 7.47
2016-03-13 9.12 -4.66 14.81 7.51
2016-03-14 16.74 -4.56 14.81 7.55
2016-03-15 27.46 -4.45 14.81 7.58
2016-03-16 23.37 -4.35 14.81 7.62
2016-03-17 16.91 -4.25 14.81 7.66
2016-03-18 23.93 -4.14 14.81 7.70
2016-03-19 20.03 -4.04 14.81 7.74
2016-03-20 23.31 -3.94 14.81 7.77
2016-03-21 19.16 -3.83 14.81 7.81
2016-03-22 20.36 -3.73 14.81 7.85
2016-03-23 15.41 -3.63 14.81 7.89
2016-03-24 16.82 -3.52 14.81 7.93
2016-03-25 18.02 -3.42 14.81 7.96
2016-03-26 14.40 -3.31 14.81 8.00
2016-03-27 13.61 -3.21 14.81 8.04
2016-03-28 9.59 -3.11 14.81 8.08
2016-03-29 12.99 -3.00 14.81 8.12
2016-03-30 12.13 -2.90 14.81 8.16
2016-03-31 13.02 -2.80 14.81 8.20
2016-04-01 11.77 -2.69 14.81 8.24
2016-04-02 17.12 -2.59 14.81 8.28
2016-04-03 15.05 -2.49 14.81 8.32
2016-04-04 27.70 -2.38 15.07 8.35
2016-04-05 15.02 -2.28 15.07 8.39
2016-04-06 20.84 -2.18 15.07 8.44
2016-04-08 32.95 -2.07 18.31 8.52
2016-04-09 41.97 -1.97 18.31 8.56
2016-04-10 30.89 -1.86 18.31 8.60
2016-04-11 27.66 -1.76 18.31 8.64
2016-04-12 36.15 -1.66 18.31 8.68
2016-04-13 24.69 -1.55 18.31 8.72
2016-04-14 29.01 -1.45 18.31 8.76
2016-04-15 21.24 -1.35 18.31 8.80
2016-04-16 29.28 -1.24 18.31 8.84
2016-04-17 21.69 -1.14 18.31 8.88
2016-04-18 31.58 -1.04 18.31 8.92
2016-04-19 33.05 -0.93 18.31 8.96
2016-04-20 26.43 -0.83 18.31 9.00
2016-04-21 29.02 -0.73 18.31 9.04
2016-04-22 30.17 -0.62 18.31 9.08
2016-04-23 33.19 -0.52 18.31 9.12
2016-04-24 37.78 -0.41 18.31 9.16
2016-04-26 25.94 -0.31 18.31 9.23
2016-04-27 31.28 -0.21 18.31 9.27
2016-04-28 25.98 -0.10 18.31 9.30
2016-04-29 23.35 0.00 18.31 9.34
2016-04-30 31.67 0.10 18.31 9.37
2016-05-01 28.59 0.21 18.31 9.40
2016-05-02 30.27 0.31 18.31 9.43
